# Directed graph: p2p-Gnutella08SCC.txt 
# Save as tab-separated list of edges
# Nodes: 4234 Edges: 5261
# FromNodeId	ToNodeId
0	1
0	2
0	6
0	10
0	6301
1895	1860
13	2074
14	809
3147	240
3147	534
3147	4270
3147	4653
92	2015
92	2016
1711	2707
22	23
22	24
22	26
22	6301
1656	2729
1656	5140
38	725
38	1376
38	1915
38	2002
38	2007
38	2167
38	2168
38	2169
38	2170
2007	199
2007	203
2007	527
2007	3581
2007	3680
2007	3785
2007	3786
2007	3787
2007	3788
2007	3789
1932	364
1932	685
1932	921
1932	1313
1932	1829
1932	2644
1932	3018
1932	3713
1932	3714
44	45
44	46
44	47
44	48
44	50
44	51
44	52
44	53
44	54
44	6301
1939	840
1998	3770
1950	1528
1950	2089
1950	2462
1950	2652
1950	2931
1951	3113
66	16
66	69
66	70
66	71
66	72
66	74
66	6301
1067	969
1067	1570
1067	2976
1067	2977
1986	1103
1988	3768
914	2042
98	99
98	103
98	104
98	106
98	107
98	6301
104	2025
2022	2344
324	568
109	114
109	115
109	117
109	118
109	119
109	6301
2065	585
2070	45
2070	658
2070	1425
2070	2167
2070	2595
2070	2966
2070	3834
2070	3835
2070	3836
2070	3837
137	1728
2095	3862
2102	1766
2102	1956
2102	2218
2102	2841
2102	3786
2102	3869
2102	3870
2102	3871
2102	3872
2102	3873
5048	5566
5940	376
1766	2218
1766	2370
1766	3680
1766	3681
181	182
181	183
181	184
181	185
181	186
181	187
181	188
181	189
181	190
181	191
191	77
191	2190
191	2365
191	2366
191	2367
191	2368
191	2369
191	2370
191	2371
191	2372
192	38
192	194
192	6301
194	86
194	139
194	1020
194	2135
194	2136
194	2137
194	2138
194	2139
194	2140
194	2141
2136	3888
203	5973
203	5974
209	976
209	1903
209	1940
209	2103
209	2429
209	2430
209	2431
209	2432
2171	3907
2172	96
2172	604
2172	828
2172	1291
2172	1575
2172	1961
2172	2533
2172	2555
2172	3020
2172	3713
236	24
236	237
236	239
236	240
236	241
236	242
236	245
236	6301
241	2010
241	2186
241	2187
241	2188
1070	2975
922	2809
922	2810
922	2811
922	2812
922	2813
922	2814
922	2815
922	2816
922	2817
1202	3105
2245	4092
302	1233
302	2519
310	312
310	313
310	315
310	316
310	317
310	318
310	319
310	320
310	6301
316	6301
2278	152
2278	1313
2278	1901
2278	1997
2278	2200
2278	2602
2278	2975
2278	3968
2278	3969
2278	3970
2284	4105
3590	4845
2304	1327
2304	1347
2304	2189
2296	3987
2331	5437
2326	3343
2326	4130
366	266
366	368
366	6301
379	2373
2348	1087
2351	1248
2351	1335
2351	1779
2351	2669
2351	2792
2351	3172
2351	3580
2351	3935
2351	4035
399	400
399	402
399	403
399	404
399	405
399	408
399	6301
410	413
410	414
410	417
410	419
410	420
410	6301
413	2393
1256	3114
421	6301
428	429
428	431
428	432
428	436
428	6301
431	487
431	2214
431	2311
431	2422
431	2423
431	2426
431	2427
431	6301
1090	1374
1090	1516
1090	1568
1090	1861
1090	2078
1090	2222
1090	2430
1090	3110
1090	3111
439	441
439	442
439	443
439	444
439	445
439	446
439	447
439	6301
483	1812
2456	942
722	2713
532	1329
532	1330
2489	2661
516	517
516	518
516	519
516	520
516	522
516	523
516	524
516	525
516	6301
581	2538
526	56
526	527
527	1020
527	1171
527	1342
527	2671
527	2837
527	2935
527	3786
527	3840
527	4248
527	4455
527	4876
527	4979
527	4980
536	1132
537	538
537	539
537	540
537	541
537	542
537	543
537	545
537	546
537	6301
541	200
541	710
541	2534
982	3028
982	3029
982	3030
982	3031
560	561
560	562
560	563
560	564
560	565
560	566
560	567
560	568
560	569
560	570
563	1575
563	2582
563	2583
563	2584
2536	2254
588	589
588	590
588	591
588	592
588	593
588	594
588	595
588	596
588	597
588	598
608	2026
2550	2163
668	669
668	670
668	671
668	672
668	673
668	674
668	675
668	676
668	677
668	678
636	638
636	639
636	640
636	641
636	642
636	643
636	6301
876	541
644	6301
647	216
647	585
647	648
647	649
647	650
647	651
647	653
647	6301
2589	4185
2604	4166
1441	567
1441	1957
1441	2493
1441	3093
1441	3187
1441	3298
1441	3299
1441	3300
1441	3301
2611	1956
706	3501
706	4623
706	4624
1594	1595
2642	813
2642	4315
719	721
719	722
719	723
719	725
719	727
719	6301
727	152
4072	4854
5138	2383
928	2652
2660	1840
2662	4250
2682	4173
752	426
752	754
752	755
752	6301
2704	837
775	776
797	420
797	460
797	463
797	798
797	799
797	800
797	802
797	803
797	6301
1146	2430
1146	3180
1367	3218
1336	260
889	2547
889	2951
2778	3497
896	563
896	897
896	899
896	900
896	901
896	903
896	905
896	6301
2781	1980
929	931
929	932
929	933
929	934
929	935
929	936
929	6301
941	6087
948	862
948	949
948	950
948	951
948	6301
949	1661
949	2697
949	2830
949	2831
949	2832
949	2833
949	2834
949	2835
949	6301
950	870
950	1570
950	1631
950	1747
950	2793
950	2824
950	2825
950	2827
950	6301
2831	397
2831	982
2831	3221
2831	4326
2831	4327
2831	4328
2831	4329
2831	6301
2835	815
2835	1197
2835	3351
2835	4331
2835	4333
2835	6301
956	2836
961	262
961	560
961	964
961	966
961	6301
964	364
964	2213
964	2844
964	2845
964	2846
964	2848
964	2849
964	2850
964	6301
992	265
992	947
992	993
992	6301
994	995
997	522
997	1332
997	1829
997	2061
997	2383
997	2507
997	2902
1536	1050
999	1000
999	1001
999	1003
999	1006
999	1007
999	1008
999	6301
1001	614
1001	788
1001	1071
1001	1100
1001	1291
1001	2198
1001	2931
1001	2932
1001	2933
1001	2934
1001	2935
1001	2936
2936	534
2936	2414
2936	3772
2936	4412
2936	4413
2936	4414
1011	3044
2926	664
2944	1240
2944	1425
2944	1731
2944	4537
2944	4538
2950	4435
1043	3146
1043	4264
4264	1157
2989	2232
2989	2448
1075	1076
1075	1078
1075	1079
1075	1080
1075	1081
1075	1083
1075	6301
1080	6301
1081	512
1081	922
1081	940
1081	1720
1081	2978
1081	2979
1081	2980
1081	2981
1081	2982
1081	2983
1098	1051
1098	1099
1098	1100
1098	1101
1098	1102
1098	1103
1098	1104
1098	1105
1098	1106
1108	467
1108	1109
1108	1110
1108	1111
1108	1112
1108	1113
1108	1114
1108	1115
1108	1116
1111	1618
1111	1645
1111	2163
1111	3018
1111	3019
1111	3020
1111	3021
1111	3022
1111	6301
1113	266
1113	368
1113	6301
1117	1119
1117	1120
1117	1121
1117	1122
1117	1123
1117	6301
3001	200
1126	3147
1126	3148
1133	3158
3148	3301
1134	164
3025	3221
3025	3271
3025	3335
3025	4473
3025	4474
1161	121
1161	6301
1181	1182
1181	1183
1181	1184
1181	1185
1181	1186
1181	1187
1181	1188
1181	1189
1181	1190
1181	6301
1184	2259
1189	3054
1344	1219
1344	1288
1344	1309
1344	2650
1344	2744
1344	2966
1344	3018
1344	3184
1344	3185
1344	3186
1200	1201
1200	1202
1200	1203
1200	1204
1200	1205
1200	1206
1200	1207
1200	1208
1200	6301
1204	1097
1204	1322
1204	3099
1204	3101
1204	3103
1204	3104
1204	6301
1205	1849
1205	2996
1205	3065
1205	3068
1205	3069
1205	3070
1205	6301
1207	2739
1207	3071
1207	3072
1207	3073
1207	3074
1207	3075
1207	3076
1207	3078
1207	6301
3074	4288
3074	4493
3074	6301
3078	272
3078	274
3078	477
3078	814
3078	1542
3078	4019
3078	4500
3078	6301
1211	1800
1218	58
1218	292
1218	514
1218	941
1218	1000
1218	1219
1218	1220
1218	1221
1218	6301
1222	468
1222	1224
1222	1225
1222	1226
1222	1227
1222	6301
5312	5278
1237	842
1237	1238
1237	1239
1237	1240
1237	1241
1237	1242
1237	1244
1237	6301
1241	1492
3106	2543
1247	583
1247	1032
1247	1070
1247	1248
1247	1249
1247	6301
1260	301
1260	1261
1260	1262
1260	1263
1260	1264
1260	6301
3127	2157
3127	2422
3127	3185
3127	4573
3127	4640
3127	4641
1286	1056
1286	1100
1286	1288
1286	1291
1286	1293
1286	6301
1294	690
1294	1069
1294	1295
1294	1296
1294	1298
1294	1299
1294	6301
1307	240
1307	1308
1307	1309
1307	1311
1307	1312
1307	1313
1307	1314
1307	1315
1307	1316
1307	6301
1308	2661
1308	3181
1308	3182
1308	3183
1308	6301
3193	1983
3223	1327
3223	2265
3223	3720
3223	4609
3223	4610
3224	2516
3235	255
3235	542
3235	884
3235	1313
3235	1538
3235	2726
3235	2758
3235	4620
3235	4621
3235	4622
5487	5858
3250	1903
3234	4709
1398	1399
1398	6301
1399	765
1399	806
1399	3242
1399	3243
1399	3245
1399	3246
1399	6301
3246	268
3246	840
3246	1797
3246	4608
3246	4630
3246	4631
3246	4632
3246	6301
3254	1067
1444	5490
1444	5491
1403	188
1403	1405
1403	1406
1403	1407
1403	1408
1403	1410
1403	6301
3274	4644
4635	443
4635	664
4635	828
4635	942
4635	2772
4635	4066
4635	4333
4635	4439
4635	5396
3297	921
1442	575
1443	1444
1445	502
1445	578
1445	1446
1445	1447
1445	1448
1445	1449
1445	1450
1445	1451
1445	1452
1445	6301
1453	221
1453	476
1453	1195
1453	1295
1453	1455
1453	1456
1453	1457
1453	6301
1460	1461
1462	1463
1462	1464
1462	1465
1462	1467
1462	1468
1462	1469
1462	1470
1462	1471
1462	1472
1462	6301
1474	6301
3317	4678
1478	798
1478	1095
1478	1215
1478	1479
1478	1480
1478	1481
1478	1482
1478	1483
1478	6301
1493	1227
1494	6301
1495	1496
1497	828
1497	1498
1497	1499
1497	1500
1497	1501
1497	1502
1497	1503
1497	1505
1497	6301
1506	1090
1506	1507
1506	1508
1506	1509
1506	1510
1506	1511
1506	1512
1506	1513
1506	1514
1506	1515
1520	609
1520	614
1520	883
1520	1521
1520	1523
1520	1524
1520	1525
1520	1526
1520	6301
1527	454
1527	462
1527	691
1527	970
1527	1492
1527	1528
1527	1530
1527	6301
6061	6150
1545	1837
1562	405
1562	824
1562	1105
1562	1563
1562	1565
1562	1566
1562	1567
1562	1568
1562	6301
1566	297
1566	338
1566	1425
1566	2450
1566	3351
1566	3352
1566	3353
1566	3354
1566	6301
3359	997
1577	550
1577	1578
1579	602
1579	1240
1579	1246
1579	1580
1579	1581
1579	1582
1579	1583
1579	6301
1582	1791
1582	1797
1582	2799
1582	3282
1582	3372
1582	6301
1584	1036
1596	465
1596	1597
1596	1598
1596	1599
1596	1603
1596	1604
1596	6301
1603	426
1603	2098
1603	6301
1625	364
1625	1061
1625	1627
1625	1628
1625	1629
1625	1630
1625	1631
1625	6301
1627	364
1627	442
1627	2278
1627	3384
1627	3385
1632	1481
1648	1649
1649	297
1649	324
1649	1044
1649	1157
1649	2793
1649	3396
1649	3397
1649	3398
3396	163
3396	266
3396	894
3396	2196
3396	2443
3396	6301
3397	4304
3398	1955
3398	2891
3398	2905
3398	3788
3398	4743
3398	4744
3398	4745
3398	6301
1657	1340
1657	1660
1657	1661
1657	1662
1657	1663
1657	1664
1657	6301
1663	266
1663	1152
1663	2257
1663	2429
1663	6301
1668	71
1668	1353
1668	1671
1668	6301
1674	513
1674	1587
1674	1677
1674	1678
1674	1679
1674	1680
1674	1681
1674	1682
1674	6301
1680	2131
1683	1684
1691	3669
1692	191
1692	1256
1692	1693
1692	1695
1692	1696
1692	1697
1692	6301
3478	1539
1710	1711
1712	1713
1713	514
1713	1219
1713	1252
1713	1776
1713	2163
1713	3472
1713	3473
1713	3474
1713	6301
1722	1723
1723	266
1723	6301
3499	788
1742	813
1742	1408
1742	1744
1742	1745
1742	1746
1742	1747
1742	6301
1746	255
1746	538
1746	889
1746	2547
1746	3504
1746	3505
1746	6301
3505	754
3505	3002
3505	3132
3505	6301
1748	255
1748	916
1748	1044
1748	6301
3519	648
3519	895
3519	1227
3519	4872
3519	4883
1753	182
1753	1754
1753	1755
1753	1756
1753	1757
1753	1759
1753	1760
1753	1761
1753	1762
1753	6301
1785	1574
1785	1788
1785	1789
1785	1790
1785	1791
1785	1793
1785	6301
1793	1248
1793	1901
1793	2543
1793	2713
1793	2818
1793	2838
1793	3541
1793	6301
3547	711
1834	224
1834	275
1834	1835
1834	1837
1834	1838
1834	1839
1834	1840
1834	6301
1839	53
1839	222
1839	818
1839	2359
1839	3590
1839	3591
1839	3592
1839	6301
3581	3750
1847	1849
1847	1851
1847	1852
1847	1853
1847	6301
1856	1211
1856	1857
1856	1858
1856	1860
1856	1861
1856	1863
1856	6301
1857	757
1857	758
1857	884
1857	3609
1857	3610
1857	3611
1857	3612
1857	3614
1857	6301
3612	4855
1864	58
1864	1606
1864	1608
1864	1865
1864	1869
1864	6301
1871	3491
1876	1288
1877	477
1877	534
1877	1878
1877	1879
1877	1884
1877	6301
1884	128
1884	6301
3631	788
1893	1023
1893	3136
3694	1280
3714	1056
3710	3335
3710	3708
3710	4959
3737	660
3765	921
3765	4586
3765	4796
3765	4918
3765	4919
3772	2414
3819	432
3819	514
3819	730
3819	1441
3819	1538
3819	2785
3819	3249
3819	3916
3819	4484
3819	4520
3851	850
3839	4063
3848	3212
3931	566
3931	3212
3931	3352
3931	5051
4806	5451
3952	4706
3975	57
5165	5407
4026	1330
4026	5124
4026	5125
4038	2236
4059	3789
4083	4317
4102	50
4102	2557
4106	452
4106	453
4106	1587
4106	3404
4106	5081
4117	5086
4143	685
4143	1036
4143	1797
4143	2334
4143	3562
4144	322
4144	462
4144	1447
4144	1481
4144	1615
4144	4214
4144	4307
4144	4955
4144	5097
4144	5098
4149	5105
4151	5091
5600	4943
4175	5209
4205	1501
4236	1505
4236	1645
4236	5105
4236	5155
4236	5156
5807	648
5807	1845
5807	2264
5807	3205
5807	4170
5807	5403
5807	5992
5807	5997
5807	5998
5807	5999
4253	5169
4256	2613
4269	4797
4291	5017
4304	5157
4317	1511
4336	4491
4391	1894
4458	47
4458	491
4458	541
4458	2869
4458	3779
4458	5118
4458	5298
4458	5299
4458	5300
4458	5301
4500	1884
4500	4841
4500	5283
4500	5327
4500	6301
4505	3456
4506	5316
4572	5376
4592	5380
4603	5381
4620	2645
4631	664
4631	803
4631	2218
4631	5393
4631	5394
4631	5395
4631	6301
4674	5283
4680	1900
4680	2477
4680	3590
4680	4080
4680	4625
4745	56
4745	738
4745	1568
4745	3681
4745	5461
4745	6301
4762	3497
4837	5525
4881	5672
4918	5577
4921	219
4921	1798
4921	2129
4921	2235
4921	4468
4923	5428
4948	5583
5937	817
5937	1652
5937	3083
5937	4075
5937	5614
5021	5604
5024	114
5037	2765
5037	5611
5034	3029
5042	2968
5043	2557
5060	363
5077	837
5077	2842
5077	3743
5077	4270
5077	5634
5093	2031
5120	626
5156	3370
5190	1056
5222	3301
5259	4540
5250	5733
5291	5660
5291	5661
5291	5662
5291	5663
5291	5664
5291	5665
5291	5666
5291	5667
5291	5668
5291	5669
5290	3476
5292	1240
5292	3029
5292	4641
5292	5159
5292	5766
5884	6040
5357	1516
5357	5474
5357	5816
5380	1001
5372	2594
5379	2579
5436	1956
5500	2059
5505	295
5509	1405
5509	2218
5509	3288
5509	4501
5509	4854
5509	5859
5509	5860
5509	5861
5509	5862
5523	241
5568	894
5568	1420
5568	1575
5568	4368
5568	4804
5587	5300
5614	4415
5643	5918
5655	1608
5656	442
5691	3481
5708	5943
5703	789
5740	2018
5757	4570
5755	3509
5802	4273
5858	612
5847	518
5847	1240
5847	1691
5847	5511
5847	6026
5847	6027
5847	6028
5847	6029
5847	6030
5866	2232
5866	3481
5537	477
5537	1194
5537	2955
5537	5538
5537	5539
5537	5540
5537	5541
5537	6301
5538	223
5538	477
5538	5868
5538	5869
5538	5870
5538	6301
5539	6301
5932	552
5971	6091
6059	683
6018	443
6031	4966
6057	3218
6089	6237
6105	6179
6134	3960
6163	491
6163	744
6163	851
6163	2202
6163	2583
6163	3089
6163	3601
6163	5826
6163	6041
6163	6233
6155	2394
6155	2487
6155	3768
6155	4080
6155	4503
6155	4883
6155	5086
6155	6230
6155	6231
6194	4934
6194	5049
6194	5850
6194	6289
6187	4170
6243	3243
6255	757
6282	3992
6282	6291
6301	2
6301	10
6301	12
6301	13
6301	14
6301	16
6301	18
6301	19
6301	23
6301	34
6301	35
6301	37
6301	38
6301	40
6301	41
6301	42
6301	45
6301	47
6301	48
6301	50
6301	51
6301	53
6301	54
6301	56
6301	57
6301	58
6301	59
6301	69
6301	71
6301	77
6301	79
6301	82
6301	84
6301	85
6301	86
6301	88
6301	90
6301	92
6301	93
6301	94
6301	95
6301	96
6301	97
6301	99
6301	103
6301	104
6301	106
6301	107
6301	114
6301	115
6301	117
6301	118
6301	119
6301	121
6301	128
6301	134
6301	137
6301	139
6301	140
6301	142
6301	150
6301	152
6301	153
6301	154
6301	156
6301	157
6301	159
6301	161
6301	163
6301	164
6301	166
6301	168
6301	170
6301	171
6301	181
6301	182
6301	183
6301	184
6301	187
6301	190
6301	191
6301	199
6301	200
6301	202
6301	203
6301	204
6301	205
6301	206
6301	207
6301	209
6301	210
6301	212
6301	213
6301	214
6301	215
6301	216
6301	217
6301	219
6301	220
6301	221
6301	222
6301	223
6301	224
6301	227
6301	230
6301	231
6301	233
6301	234
6301	235
6301	240
6301	241
6301	246
6301	254
6301	255
6301	256
6301	258
6301	259
6301	260
6301	261
6301	262
6301	265
6301	266
6301	268
6301	269
6301	271
6301	272
6301	273
6301	274
6301	275
6301	277
6301	278
6301	281
6301	282
6301	286
6301	287
6301	290
6301	291
6301	292
6301	293
6301	294
6301	295
6301	296
6301	297
6301	301
6301	302
6301	304
6301	306
6301	308
6301	309
6301	312
6301	313
6301	315
6301	318
6301	322
6301	323
6301	324
6301	328
6301	329
6301	330
6301	332
6301	333
6301	336
6301	337
6301	338
6301	342
6301	347
6301	354
6301	357
6301	358
6301	361
6301	362
6301	363
6301	364
6301	365
6301	368
6301	373
6301	374
6301	375
6301	376
6301	379
6301	383
6301	384
6301	388
6301	393
6301	394
6301	395
6301	396
6301	397
6301	400
6301	402
6301	404
6301	413
6301	414
6301	419
6301	420
6301	426
6301	429
6301	432
6301	436
6301	442
6301	443
6301	446
6301	451
6301	452
6301	453
6301	454
6301	456
6301	457
6301	459
6301	460
6301	461
6301	462
6301	463
6301	464
6301	465
6301	467
6301	468
6301	470
6301	471
6301	474
6301	476
6301	477
6301	482
6301	483
6301	486
6301	487
6301	488
6301	491
6301	492
6301	493
6301	495
6301	497
6301	498
6301	501
6301	502
6301	503
6301	506
6301	510
6301	511
6301	512
6301	513
6301	514
6301	515
6301	518
6301	520
6301	522
6301	523
6301	524
6301	526
6301	527
6301	529
6301	530
6301	532
6301	534
6301	535
6301	536
6301	538
6301	540
6301	541
6301	549
6301	550
6301	552
6301	555
6301	556
6301	560
6301	561
6301	562
6301	563
6301	564
6301	566
6301	567
6301	568
6301	570
6301	575
6301	578
6301	581
6301	583
6301	585
6301	587
6301	588
6301	600
6301	601
6301	602
6301	603
6301	604
6301	608
6301	609
6301	612
6301	614
6301	615
6301	616
6301	618
6301	619
6301	621
6301	622
6301	623
6301	624
6301	625
6301	626
6301	627
6301	630
6301	632
6301	633
6301	638
6301	640
6301	642
6301	643
6301	648
6301	649
6301	650
6301	651
6301	657
6301	658
6301	660
6301	661
6301	662
6301	663
6301	664
6301	666
6301	668
6301	669
6301	671
6301	672
6301	673
6301	674
6301	675
6301	676
6301	677
6301	678
6301	681
6301	683
6301	685
6301	687
6301	688
6301	690
6301	691
6301	692
6301	696
6301	698
6301	702
6301	706
6301	708
6301	710
6301	711
6301	712
6301	713
6301	714
6301	721
6301	722
6301	725
6301	727
6301	729
6301	730
6301	733
6301	735
6301	738
6301	743
6301	744
6301	745
6301	746
6301	748
6301	749
6301	754
6301	755
6301	757
6301	758
6301	761
6301	763
6301	765
6301	768
6301	770
6301	772
6301	774
6301	776
6301	778
6301	779
6301	780
6301	781
6301	782
6301	783
6301	784
6301	785
6301	788
6301	789
6301	790
6301	791
6301	792
6301	793
6301	794
6301	795
6301	796
6301	798
6301	799
6301	800
6301	802
6301	803
6301	806
6301	807
6301	808
6301	809
6301	810
6301	812
6301	813
6301	814
6301	815
6301	817
6301	818
6301	819
6301	822
6301	824
6301	826
6301	827
6301	828
6301	829
6301	831
6301	832
6301	833
6301	834
6301	835
6301	837
6301	838
6301	839
6301	840
6301	841
6301	842
6301	843
6301	844
6301	847
6301	849
6301	850
6301	851
6301	853
6301	854
6301	857
6301	860
6301	861
6301	862
6301	865
6301	870
6301	871
6301	872
6301	875
6301	876
6301	877
6301	879
6301	880
6301	883
6301	884
6301	888
6301	889
6301	890
6301	891
6301	893
6301	894
6301	895
6301	897
6301	900
6301	901
6301	911
6301	912
6301	913
6301	914
6301	915
6301	916
6301	917
6301	920
6301	921
6301	922
6301	925
6301	927
6301	928
6301	931
6301	932
6301	933
6301	935
6301	939
6301	940
6301	941
6301	942
6301	943
6301	944
6301	946
6301	947
6301	951
6301	953
6301	954
6301	956
6301	957
6301	959
6301	960
6301	969
6301	970
6301	971
6301	973
6301	974
6301	976
6301	980
6301	982
6301	983
6301	985
6301	987
6301	991
6301	993
6301	995
6301	997
6301	1001
6301	1003
6301	1006
6301	1007
6301	1011
6301	1012
6301	1014
6301	1016
6301	1017
6301	1018
6301	1020
6301	1021
6301	1023
6301	1024
6301	1031
6301	1032
6301	1034
6301	1035
6301	1036
6301	1037
6301	1038
6301	1042
6301	1043
6301	1044
6301	1045
6301	1047
6301	1049
6301	1050
6301	1051
6301	1052
6301	1053
6301	1054
6301	1056
6301	1058
6301	1060
6301	1061
6301	1062
6301	1064
6301	1065
6301	1066
6301	1067
6301	1069
6301	1070
6301	1071
6301	1072
6301	1073
6301	1074
6301	1076
6301	1078
6301	1079
6301	1081
6301	1085
6301	1087
6301	1088
6301	1090
6301	1092
6301	1093
6301	1095
6301	1096
6301	1097
6301	1100
6301	1102
6301	1103
6301	1104
6301	1106
6301	1109
6301	1114
6301	1115
6301	1116
6301	1120
6301	1122
6301	1123
6301	1125
6301	1126
6301	1127
6301	1128
6301	1131
6301	1132
6301	1133
6301	1134
6301	1140
6301	1142
6301	1145
6301	1146
6301	1147
6301	1148
6301	1149
6301	1150
6301	1151
6301	1152
6301	1153
6301	1156
6301	1157
6301	1159
6301	1160
6301	1164
6301	1166
6301	1169
6301	1170
6301	1171
6301	1175
6301	1177
6301	1178
6301	1179
6301	1180
6301	1184
6301	1194
6301	1195
6301	1196
6301	1197
6301	1202
6301	1203
6301	1208
6301	1210
6301	1211
6301	1213
6301	1214
6301	1215
6301	1219
6301	1220
6301	1221
6301	1224
6301	1227
6301	1231
6301	1233
6301	1236
6301	1239
6301	1240
6301	1246
6301	1248
6301	1249
6301	1252
6301	1256
6301	1257
6301	1261
6301	1262
6301	1264
6301	1268
6301	1269
6301	1270
6301	1271
6301	1272
6301	1274
6301	1277
6301	1280
6301	1282
6301	1283
6301	1285
6301	1288
6301	1291
6301	1299
6301	1300
6301	1302
6301	1303
6301	1304
6301	1306
6301	1309
6301	1311
6301	1313
6301	1316
6301	1320
6301	1321
6301	1322
6301	1324
6301	1327
6301	1330
6301	1332
6301	1334
6301	1335
6301	1336
6301	1340
6301	1342
6301	1344
6301	1345
6301	1347
6301	1348
6301	1349
6301	1350
6301	1351
6301	1353
6301	1355
6301	1357
6301	1358
6301	1363
6301	1364
6301	1367
6301	1368
6301	1371
6301	1372
6301	1373
6301	1374
6301	1375
6301	1376
6301	1378
6301	1381
6301	1384
6301	1386
6301	1391
6301	1392
6301	1395
6301	1407
6301	1408
6301	1416
6301	1418
6301	1420
6301	1421
6301	1422
6301	1423
6301	1425
6301	1428
6301	1432
6301	1435
6301	1436
6301	1437
6301	1439
6301	1441
6301	1442
6301	1443
6301	1444
6301	1447
6301	1451
6301	1456
6301	1457
6301	1460
6301	1471
6301	1475
6301	1480
6301	1481
6301	1482
6301	1486
6301	1488
6301	1489
6301	1490
6301	1491
6301	1492
6301	1493
6301	1495
6301	1498
6301	1500
6301	1501
6301	1503
6301	1505
6301	1506
6301	1507
6301	1509
6301	1511
6301	1512
6301	1513
6301	1515
6301	1516
6301	1517
6301	1524
6301	1526
6301	1528
6301	1530
6301	1532
6301	1536
6301	1538
6301	1539
6301	1542
6301	1543
6301	1545
6301	1551
6301	1552
6301	1553
6301	1554
6301	1555
6301	1558
6301	1560
6301	1563
6301	1565
6301	1568
6301	1570
6301	1571
6301	1574
6301	1575
6301	1576
6301	1577
6301	1581
6301	1583
6301	1584
6301	1587
6301	1588
6301	1591
6301	1592
6301	1593
6301	1594
6301	1595
6301	1597
6301	1598
6301	1599
6301	1604
6301	1606
6301	1607
6301	1608
6301	1609
6301	1611
6301	1613
6301	1614
6301	1615
6301	1617
6301	1618
6301	1619
6301	1621
6301	1622
6301	1623
6301	1624
6301	1627
6301	1628
6301	1629
6301	1630
6301	1631
6301	1632
6301	1634
6301	1635
6301	1639
6301	1640
6301	1642
6301	1643
6301	1645
6301	1646
6301	1652
6301	1655
6301	1656
6301	1661
6301	1664
6301	1667
6301	1671
6301	1677
6301	1679
6301	1682
6301	1686
6301	1688
6301	1689
6301	1690
6301	1691
6301	1695
6301	1697
6301	1702
6301	1705
6301	1708
6301	1710
6301	1711
6301	1715
6301	1716
6301	1718
6301	1719
6301	1720
6301	1725
6301	1726
6301	1727
6301	1728
6301	1730
6301	1731
6301	1736
6301	1738
6301	1741
6301	1744
6301	1747
6301	1754
6301	1755
6301	1756
6301	1757
6301	1760
6301	1761
6301	1762
6301	1763
6301	1764
6301	1766
6301	1768
6301	1769
6301	1771
6301	1773
6301	1774
6301	1775
6301	1776
6301	1777
6301	1778
6301	1779
6301	1781
6301	1783
6301	1788
6301	1789
6301	1790
6301	1791
6301	1795
6301	1796
6301	1797
6301	1798
6301	1800
6301	1801
6301	1802
6301	1803
6301	1804
6301	1807
6301	1808
6301	1809
6301	1810
6301	1812
6301	1817
6301	1822
6301	1823
6301	1824
6301	1825
6301	1826
6301	1828
6301	1829
6301	1830
6301	1833
6301	1837
6301	1838
6301	1840
6301	1841
6301	1845
6301	1846
6301	1849
6301	1852
6301	1860
6301	1861
6301	1863
6301	1865
6301	1871
6301	1873
6301	1874
6301	1875
6301	1878
6301	1886
6301	1887
6301	1892
6301	1893
6301	1894
6301	1895
6301	1897
6301	1898
6301	1899
6301	1900
6301	1901
6301	1902
6301	1903
6301	1905
6301	1906
6301	1908
6301	1909
6301	1911
6301	1912
6301	1913
6301	1914
6301	1915
6301	1916
6301	1918
6301	1919
6301	1921
6301	1925
6301	1927
6301	1928
6301	1931
6301	1932
6301	1933
6301	1935
6301	1936
6301	1937
6301	1938
6301	1939
6301	1940
6301	1944
6301	1949
6301	1950
6301	1951
6301	1952
6301	1953
6301	1954
6301	1955
6301	1956
6301	1957
6301	1959
6301	1960
6301	1961
6301	1962
6301	1963
6301	1964
6301	1965
6301	1966
6301	1967
6301	1970
6301	1975
6301	1976
6301	1977
6301	1978
6301	1979
6301	1980
6301	1983
6301	1985
6301	1986
6301	1988
6301	1990
6301	1991
6301	1993
6301	1997
6301	1998
6301	2000
6301	2002
6301	2004
6301	2005
6301	2006
6301	2007
6301	2008
6301	2009
6301	2010
6301	2011
6301	2012
6301	2013
6301	2015
6301	2016
6301	2018
6301	2019
6301	2021
6301	2022
6301	2026
6301	2027
6301	2028
6301	2029
6301	2030
6301	2031
6301	2033
6301	2034
6301	2035
6301	2036
6301	2040
6301	2041
6301	2042
6301	2044
6301	2045
6301	2051
6301	2054
6301	2057
6301	2058
6301	2059
6301	2061
6301	2062
6301	2063
6301	2064
6301	2065
6301	2067
6301	2070
6301	2071
6301	2072
6301	2073
6301	2074
6301	2076
6301	2077
6301	2078
6301	2081
6301	2082
6301	2083
6301	2085
6301	2089
6301	2090
6301	2095
6301	2097
6301	2098
6301	2099
6301	2100
6301	2101
6301	2102
6301	2103
6301	2104
6301	2105
6301	2106
6301	2107
6301	2108
6301	2109
6301	2110
6301	2111
6301	2113
6301	2117
6301	2118
6301	2119
6301	2120
6301	2121
6301	2122
6301	2123
6301	2124
6301	2125
6301	2126
6301	2127
6301	2128
6301	2129
6301	2130
6301	2131
6301	2132
6301	2136
6301	2138
6301	2139
6301	2140
6301	2141
6301	2142
6301	2144
6301	2147
6301	2149
6301	2150
6301	2151
6301	2152
6301	2154
6301	2155
6301	2157
6301	2159
6301	2160
6301	2161
6301	2162
6301	2163
6301	2165
6301	2166
6301	2167
6301	2169
6301	2170
6301	2171
6301	2172
6301	2175
6301	2177
6301	2179
6301	2180
6301	2182
6301	2183
6301	2185
6301	2186
6301	2187
6301	2188
6301	2189
6301	2190
6301	2191
6301	2192
6301	2194
6301	2196
6301	2197
6301	2198
6301	2200
6301	2202
6301	2203
6301	2204
6301	2206
6301	2207
6301	2208
6301	2209
6301	2210
6301	2211
6301	2212
6301	2213
6301	2214
6301	2215
6301	2216
6301	2218
6301	2219
6301	2220
6301	2222
6301	2227
6301	2229
6301	2230
6301	2232
6301	2233
6301	2234
6301	2235
6301	2236
6301	2238
6301	2239
6301	2240
6301	2242
6301	2245
6301	2246
6301	2247
6301	2249
6301	2250
6301	2251
6301	2254
6301	2255
6301	2256
6301	2257
6301	2258
6301	2259
6301	2263
6301	2264
6301	2265
6301	2266
6301	2268
6301	2270
6301	2271
6301	2272
6301	2273
6301	2274
6301	2276
6301	2277
6301	2278
6301	2280
6301	2282
6301	2283
6301	2284
6301	2287
6301	2289
6301	2291
6301	2294
6301	2296
6301	2297
6301	2298
6301	2301
6301	2302
6301	2303
6301	2304
6301	2305
6301	2306
6301	2307
6301	2308
6301	2310
6301	2311
6301	2316
6301	2317
6301	2319
6301	2320
6301	2321
6301	2323
6301	2326
6301	2327
6301	2328
6301	2330
6301	2331
6301	2334
6301	2335
6301	2339
6301	2340
6301	2341
6301	2342
6301	2344
6301	2346
6301	2348
6301	2349
6301	2351
6301	2353
6301	2354
6301	2355
6301	2357
6301	2359
6301	2363
6301	2366
6301	2368
6301	2373
6301	2378
6301	2379
6301	2380
6301	2382
6301	2383
6301	2385
6301	2386
6301	2387
6301	2389
6301	2390
6301	2394
6301	2395
6301	2397
6301	2400
6301	2401
6301	2402
6301	2403
6301	2404
6301	2405
6301	2406
6301	2408
6301	2409
6301	2410
6301	2412
6301	2413
6301	2414
6301	2415
6301	2416
6301	2417
6301	2418
6301	2419
6301	2421
6301	2422
6301	2423
6301	2427
6301	2429
6301	2430
6301	2431
6301	2432
6301	2433
6301	2434
6301	2435
6301	2436
6301	2437
6301	2438
6301	2439
6301	2441
6301	2442
6301	2443
6301	2445
6301	2446
6301	2447
6301	2448
6301	2449
6301	2450
6301	2455
6301	2456
6301	2457
6301	2458
6301	2462
6301	2466
6301	2467
6301	2468
6301	2469
6301	2470
6301	2472
6301	2473
6301	2475
6301	2476
6301	2477
6301	2478
6301	2479
6301	2480
6301	2481
6301	2482
6301	2483
6301	2484
6301	2487
6301	2488
6301	2489
6301	2491
6301	2493
6301	2495
6301	2496
6301	2497
6301	2499
6301	2502
6301	2507
6301	2508
6301	2509
6301	2511
6301	2512
6301	2513
6301	2514
6301	2515
6301	2516
6301	2517
6301	2518
6301	2519
6301	2520
6301	2521
6301	2522
6301	2525
6301	2526
6301	2527
6301	2528
6301	2531
6301	2533
6301	2535
6301	2536
6301	2537
6301	2538
6301	2539
6301	2540
6301	2541
6301	2542
6301	2543
6301	2545
6301	2547
6301	2550
6301	2552
6301	2553
6301	2555
6301	2556
6301	2557
6301	2558
6301	2560
6301	2561
6301	2563
6301	2564
6301	2565
6301	2566
6301	2567
6301	2568
6301	2570
6301	2571
6301	2572
6301	2573
6301	2574
6301	2579
6301	2580
6301	2582
6301	2583
6301	2585
6301	2586
6301	2587
6301	2588
6301	2589
6301	2592
6301	2594
6301	2595
6301	2598
6301	2600
6301	2601
6301	2602
6301	2603
6301	2604
6301	2605
6301	2608
6301	2609
6301	2610
6301	2611
6301	2613
6301	2616
6301	2618
6301	2619
6301	2620
6301	2623
6301	2624
6301	2625
6301	2628
6301	2630
6301	2631
6301	2632
6301	2633
6301	2636
6301	2637
6301	2640
6301	2641
6301	2642
6301	2643
6301	2644
6301	2645
6301	2647
6301	2648
6301	2649
6301	2650
6301	2651
6301	2652
6301	2655
6301	2656
6301	2658
6301	2660
6301	2661
6301	2662
6301	2664
6301	2665
6301	2667
6301	2668
6301	2669
6301	2671
6301	2672
6301	2673
6301	2674
6301	2675
6301	2677
6301	2682
6301	2684
6301	2685
6301	2686
6301	2687
6301	2688
6301	2689
6301	2691
6301	2692
6301	2696
6301	2697
6301	2700
6301	2701
6301	2703
6301	2704
6301	2705
6301	2706
6301	2707
6301	2708
6301	2711
6301	2713
6301	2714
6301	2717
6301	2720
6301	2722
6301	2724
6301	2725
6301	2726
6301	2727
6301	2729
6301	2730
6301	2731
6301	2734
6301	2736
6301	2737
6301	2738
6301	2739
6301	2740
6301	2741
6301	2742
6301	2744
6301	2745
6301	2746
6301	2747
6301	2749
6301	2752
6301	2753
6301	2754
6301	2755
6301	2756
6301	2758
6301	2759
6301	2760
6301	2762
6301	2763
6301	2764
6301	2765
6301	2766
6301	2768
6301	2769
6301	2771
6301	2772
6301	2775
6301	2776
6301	2778
6301	2780
6301	2781
6301	2782
6301	2783
6301	2784
6301	2785
6301	2786
6301	2787
6301	2788
6301	2789
6301	2791
6301	2792
6301	2793
6301	2795
6301	2799
6301	2800
6301	2801
6301	2802
6301	2805
6301	2806
6301	2818
6301	2820
6301	2825
6301	2833
6301	2836
6301	2837
6301	2838
6301	2839
6301	2840
6301	2841
6301	2842
6301	2843
6301	2844
6301	2846
6301	2848
6301	2849
6301	2850
6301	2851
6301	2853
6301	2854
6301	2855
6301	2856
6301	2857
6301	2858
6301	2863
6301	2865
6301	2867
6301	2869
6301	2872
6301	2874
6301	2876
6301	2877
6301	2878
6301	2880
6301	2882
6301	2884
6301	2889
6301	2891
6301	2893
6301	2894
6301	2895
6301	2896
6301	2899
6301	2905
6301	2908
6301	2909
6301	2910
6301	2911
6301	2912
6301	2913
6301	2914
6301	2915
6301	2916
6301	2917
6301	2918
6301	2919
6301	2920
6301	2923
6301	2924
6301	2925
6301	2926
6301	2928
6301	2929
6301	2931
6301	2932
6301	2933
6301	2935
6301	2936
6301	2937
6301	2940
6301	2941
6301	2943
6301	2944
6301	2945
6301	2947
6301	2950
6301	2953
6301	2954
6301	2955
6301	2956
6301	2957
6301	2959
6301	2960
6301	2963
6301	2964
6301	2965
6301	2966
6301	2967
6301	2968
6301	2969
6301	2970
6301	2971
6301	2972
6301	2973
6301	2975
6301	2978
6301	2980
6301	2981
6301	2982
6301	2984
6301	2985
6301	2987
6301	2989
6301	2990
6301	2993
6301	2994
6301	2995
6301	2996
6301	2998
6301	2999
6301	3000
6301	3001
6301	3002
6301	3005
6301	3006
6301	3007
6301	3008
6301	3012
6301	3013
6301	3015
6301	3017
6301	3018
6301	3019
6301	3020
6301	3021
6301	3022
6301	3025
6301	3028
6301	3029
6301	3035
6301	3036
6301	3047
6301	3048
6301	3049
6301	3050
6301	3051
6301	3052
6301	3053
6301	3054
6301	3055
6301	3057
6301	3062
6301	3064
6301	3065
6301	3069
6301	3070
6301	3071
6301	3076
6301	3079
6301	3082
6301	3083
6301	3084
6301	3085
6301	3089
6301	3090
6301	3091
6301	3093
6301	3094
6301	3097
6301	3104
6301	3105
6301	3106
6301	3107
6301	3108
6301	3109
6301	3110
6301	3112
6301	3113
6301	3114
6301	3116
6301	3118
6301	3119
6301	3121
6301	3122
6301	3123
6301	3124
6301	3125
6301	3127
6301	3128
6301	3130
6301	3131
6301	3132
6301	3133
6301	3134
6301	3136
6301	3139
6301	3141
6301	3143
6301	3144
6301	3145
6301	3146
6301	3147
6301	3150
6301	3151
6301	3153
6301	3154
6301	3155
6301	3157
6301	3159
6301	3161
6301	3162
6301	3164
6301	3165
6301	3166
6301	3167
6301	3168
6301	3169
6301	3170
6301	3172
6301	3173
6301	3175
6301	3177
6301	3181
6301	3184
6301	3185
6301	3187
6301	3188
6301	3189
6301	3193
6301	3195
6301	3196
6301	3198
6301	3199
6301	3201
6301	3203
6301	3204
6301	3205
6301	3209
6301	3211
6301	3212
6301	3214
6301	3215
6301	3216
6301	3217
6301	3218
6301	3219
6301	3221
6301	3223
6301	3224
6301	3226
6301	3227
6301	3229
6301	3230
6301	3231
6301	3234
6301	3235
6301	3237
6301	3238
6301	3239
6301	3240
6301	3241
6301	3242
6301	3243
6301	3245
6301	3248
6301	3249
6301	3250
6301	3251
6301	3252
6301	3253
6301	3254
6301	3261
6301	3262
6301	3263
6301	3264
6301	3265
6301	3267
6301	3268
6301	3271
6301	3272
6301	3274
6301	3275
6301	3277
6301	3278
6301	3279
6301	3280
6301	3282
6301	3283
6301	3286
6301	3287
6301	3288
6301	3289
6301	3290
6301	3291
6301	3292
6301	3293
6301	3294
6301	3297
6301	3298
6301	3299
6301	3300
6301	3301
6301	3302
6301	3303
6301	3306
6301	3307
6301	3308
6301	3313
6301	3314
6301	3316
6301	3317
6301	3318
6301	3319
6301	3320
6301	3322
6301	3324
6301	3325
6301	3328
6301	3329
6301	3330
6301	3331
6301	3332
6301	3334
6301	3335
6301	3336
6301	3339
6301	3340
6301	3342
6301	3343
6301	3345
6301	3347
6301	3349
6301	3351
6301	3352
6301	3354
6301	3357
6301	3359
6301	3361
6301	3362
6301	3365
6301	3366
6301	3367
6301	3368
6301	3370
6301	3372
6301	3375
6301	3376
6301	3377
6301	3379
6301	3381
6301	3384
6301	3385
6301	3386
6301	3387
6301	3388
6301	3389
6301	3391
6301	3392
6301	3395
6301	3397
6301	3399
6301	3400
6301	3401
6301	3402
6301	3404
6301	3410
6301	3413
6301	3414
6301	3416
6301	3418
6301	3419
6301	3420
6301	3421
6301	3422
6301	3423
6301	3424
6301	3425
6301	3426
6301	3427
6301	3432
6301	3434
6301	3435
6301	3436
6301	3437
6301	3438
6301	3439
6301	3440
6301	3442
6301	3443
6301	3444
6301	3445
6301	3446
6301	3447
6301	3449
6301	3450
6301	3453
6301	3454
6301	3455
6301	3456
6301	3457
6301	3458
6301	3460
6301	3461
6301	3464
6301	3467
6301	3473
6301	3476
6301	3477
6301	3478
6301	3481
6301	3482
6301	3483
6301	3485
6301	3486
6301	3487
6301	3488
6301	3489
6301	3491
6301	3492
6301	3493
6301	3494
6301	3497
6301	3498
6301	3499
6301	3501
6301	3502
6301	3504
6301	3506
6301	3508
6301	3509
6301	3510
6301	3511
6301	3512
6301	3513
6301	3516
6301	3517
6301	3518
6301	3519
6301	3520
6301	3523
6301	3525
6301	3527
6301	3530
6301	3532
6301	3533
6301	3534
6301	3538
6301	3540
6301	3543
6301	3545
6301	3546
6301	3547
6301	3548
6301	3554
6301	3556
6301	3559
6301	3561
6301	3562
6301	3563
6301	3565
6301	3567
6301	3569
6301	3570
6301	3572
6301	3574
6301	3576
6301	3578
6301	3580
6301	3581
6301	3582
6301	3583
6301	3584
6301	3585
6301	3586
6301	3589
6301	3590
6301	3593
6301	3595
6301	3596
6301	3597
6301	3598
6301	3600
6301	3601
6301	3602
6301	3603
6301	3604
6301	3606
6301	3608
6301	3609
6301	3612
6301	3614
6301	3617
6301	3618
6301	3619
6301	3620
6301	3622
6301	3623
6301	3624
6301	3625
6301	3629
6301	3630
6301	3631
6301	3632
6301	3633
6301	3636
6301	3637
6301	3638
6301	3639
6301	3640
6301	3641
6301	3642
6301	3643
6301	3644
6301	3645
6301	3646
6301	3647
6301	3648
6301	3649
6301	3650
6301	3651
6301	3652
6301	3653
6301	3655
6301	3656
6301	3657
6301	3659
6301	3661
6301	3662
6301	3663
6301	3664
6301	3665
6301	3666
6301	3667
6301	3668
6301	3671
6301	3672
6301	3674
6301	3675
6301	3677
6301	3678
6301	3679
6301	3680
6301	3681
6301	3682
6301	3683
6301	3684
6301	3685
6301	3686
6301	3687
6301	3688
6301	3689
6301	3691
6301	3692
6301	3694
6301	3695
6301	3696
6301	3697
6301	3698
6301	3701
6301	3702
6301	3704
6301	3706
6301	3707
6301	3708
6301	3709
6301	3710
6301	3711
6301	3712
6301	3713
6301	3714
6301	3717
6301	3718
6301	3720
6301	3721
6301	3722
6301	3723
6301	3724
6301	3725
6301	3727
6301	3729
6301	3730
6301	3731
6301	3735
6301	3736
6301	3737
6301	3739
6301	3740
6301	3741
6301	3743
6301	3745
6301	3746
6301	3748
6301	3749
6301	3750
6301	3751
6301	3752
6301	3753
6301	3754
6301	3755
6301	3756
6301	3758
6301	3760
6301	3761
6301	3762
6301	3763
6301	3764
6301	3765
6301	3766
6301	3768
6301	3769
6301	3772
6301	3773
6301	3774
6301	3775
6301	3777
6301	3778
6301	3779
6301	3780
6301	3782
6301	3783
6301	3784
6301	3786
6301	3788
6301	3789
6301	3792
6301	3793
6301	3794
6301	3795
6301	3799
6301	3800
6301	3803
6301	3804
6301	3806
6301	3807
6301	3808
6301	3809
6301	3811
6301	3812
6301	3814
6301	3816
6301	3819
6301	3821
6301	3825
6301	3826
6301	3827
6301	3828
6301	3829
6301	3830
6301	3832
6301	3836
6301	3837
6301	3839
6301	3840
6301	3841
6301	3842
6301	3845
6301	3847
6301	3848
6301	3851
6301	3852
6301	3853
6301	3854
6301	3855
6301	3857
6301	3860
6301	3861
6301	3862
6301	3864
6301	3868
6301	3871
6301	3874
6301	3875
6301	3876
6301	3878
6301	3879
6301	3880
6301	3882
6301	3884
6301	3889
6301	3891
6301	3892
6301	3894
6301	3895
6301	3896
6301	3898
6301	3899
6301	3901
6301	3902
6301	3905
6301	3906
6301	3907
6301	3908
6301	3909
6301	3911
6301	3914
6301	3915
6301	3916
6301	3917
6301	3918
6301	3923
6301	3924
6301	3925
6301	3927
6301	3928
6301	3931
6301	3932
6301	3935
6301	3936
6301	3938
6301	3939
6301	3940
6301	3941
6301	3942
6301	3944
6301	3947
6301	3949
6301	3950
6301	3951
6301	3952
6301	3953
6301	3954
6301	3955
6301	3957
6301	3958
6301	3959
6301	3960
6301	3961
6301	3964
6301	3965
6301	3968
6301	3971
6301	3972
6301	3973
6301	3974
6301	3975
6301	3977
6301	3978
6301	3980
6301	3983
6301	3984
6301	3990
6301	3992
6301	3993
6301	3994
6301	3995
6301	3996
6301	3999
6301	4001
6301	4006
6301	4007
6301	4009
6301	4011
6301	4013
6301	4014
6301	4015
6301	4017
6301	4018
6301	4019
6301	4020
6301	4022
6301	4023
6301	4024
6301	4025
6301	4026
6301	4027
6301	4028
6301	4029
6301	4030
6301	4031
6301	4034
6301	4035
6301	4037
6301	4038
6301	4039
6301	4040
6301	4042
6301	4044
6301	4045
6301	4046
6301	4047
6301	4048
6301	4049
6301	4050
6301	4052
6301	4053
6301	4054
6301	4055
6301	4056
6301	4059
6301	4061
6301	4063
6301	4064
6301	4065
6301	4066
6301	4067
6301	4069
6301	4071
6301	4072
6301	4074
6301	4075
6301	4077
6301	4079
6301	4080
6301	4082
6301	4083
6301	4084
6301	4085
6301	4086
6301	4087
6301	4088
6301	4089
6301	4090
6301	4091
6301	4094
6301	4097
6301	4099
6301	4100
6301	4101
6301	4102
6301	4104
6301	4106
6301	4108
6301	4110
6301	4115
6301	4116
6301	4117
6301	4118
6301	4119
6301	4120
6301	4123
6301	4125
6301	4126
6301	4127
6301	4128
6301	4129
6301	4130
6301	4131
6301	4132
6301	4133
6301	4134
6301	4135
6301	4136
6301	4138
6301	4141
6301	4142
6301	4143
6301	4144
6301	4145
6301	4147
6301	4148
6301	4149
6301	4150
6301	4151
6301	4153
6301	4155
6301	4156
6301	4161
6301	4162
6301	4163
6301	4165
6301	4166
6301	4168
6301	4169
6301	4170
6301	4171
6301	4172
6301	4173
6301	4175
6301	4177
6301	4178
6301	4181
6301	4182
6301	4184
6301	4185
6301	4186
6301	4188
6301	4190
6301	4192
6301	4195
6301	4199
6301	4201
6301	4202
6301	4205
6301	4209
6301	4210
6301	4212
6301	4214
6301	4218
6301	4219
6301	4221
6301	4223
6301	4224
6301	4225
6301	4226
6301	4229
6301	4231
6301	4233
6301	4236
6301	4237
6301	4238
6301	4240
6301	4241
6301	4243
6301	4247
6301	4248
6301	4249
6301	4250
6301	4251
6301	4253
6301	4254
6301	4256
6301	4258
6301	4259
6301	4261
6301	4262
6301	4264
6301	4265
6301	4266
6301	4267
6301	4268
6301	4269
6301	4270
6301	4271
6301	4272
6301	4273
6301	4278
6301	4281
6301	4283
6301	4284
6301	4286
6301	4287
6301	4288
6301	4289
6301	4290
6301	4291
6301	4294
6301	4296
6301	4299
6301	4302
6301	4304
6301	4305
6301	4307
6301	4309
6301	4310
6301	4311
6301	4313
6301	4314
6301	4316
6301	4317
6301	4318
6301	4320
6301	4321
6301	4322
6301	4323
6301	4325
6301	4327
6301	4328
6301	4333
6301	4335
6301	4336
6301	4339
6301	4341
6301	4342
6301	4345
6301	4346
6301	4347
6301	4348
6301	4349
6301	4350
6301	4351
6301	4352
6301	4354
6301	4357
6301	4361
6301	4363
6301	4364
6301	4365
6301	4366
6301	4367
6301	4368
6301	4370
6301	4371
6301	4372
6301	4373
6301	4374
6301	4375
6301	4376
6301	4377
6301	4379
6301	4380
6301	4383
6301	4384
6301	4385
6301	4386
6301	4387
6301	4391
6301	4392
6301	4393
6301	4394
6301	4395
6301	4396
6301	4397
6301	4398
6301	4401
6301	4404
6301	4406
6301	4408
6301	4409
6301	4410
6301	4411
6301	4412
6301	4413
6301	4414
6301	4415
6301	4418
6301	4422
6301	4425
6301	4426
6301	4427
6301	4429
6301	4430
6301	4436
6301	4437
6301	4439
6301	4440
6301	4448
6301	4450
6301	4451
6301	4453
6301	4454
6301	4455
6301	4457
6301	4458
6301	4460
6301	4461
6301	4462
6301	4464
6301	4466
6301	4468
6301	4471
6301	4474
6301	4475
6301	4476
6301	4477
6301	4480
6301	4481
6301	4483
6301	4484
6301	4485
6301	4486
6301	4488
6301	4491
6301	4494
6301	4495
6301	4496
6301	4497
6301	4498
6301	4499
6301	4501
6301	4503
6301	4504
6301	4505
6301	4506
6301	4507
6301	4509
6301	4511
6301	4512
6301	4514
6301	4515
6301	4517
6301	4518
6301	4519
6301	4520
6301	4521
6301	4522
6301	4523
6301	4524
6301	4525
6301	4526
6301	4527
6301	4528
6301	4529
6301	4530
6301	4531
6301	4534
6301	4535
6301	4540
6301	4542
6301	4543
6301	4544
6301	4545
6301	4546
6301	4547
6301	4548
6301	4549
6301	4550
6301	4554
6301	4555
6301	4556
6301	4558
6301	4559
6301	4560
6301	4561
6301	4562
6301	4563
6301	4564
6301	4565
6301	4570
6301	4571
6301	4572
6301	4573
6301	4575
6301	4576
6301	4578
6301	4579
6301	4580
6301	4581
6301	4582
6301	4584
6301	4586
6301	4588
6301	4589
6301	4590
6301	4591
6301	4592
6301	4594
6301	4595
6301	4597
6301	4599
6301	4600
6301	4601
6301	4602
6301	4603
6301	4604
6301	4605
6301	4607
6301	4608
6301	4611
6301	4612
6301	4613
6301	4614
6301	4615
6301	4616
6301	4618
6301	4622
6301	4623
6301	4625
6301	4626
6301	4627
6301	4632
6301	4634
6301	4635
6301	4637
6301	4640
6301	4641
6301	4642
6301	4645
6301	4646
6301	4647
6301	4648
6301	4649
6301	4651
6301	4652
6301	4653
6301	4655
6301	4656
6301	4657
6301	4659
6301	4660
6301	4661
6301	4663
6301	4668
6301	4670
6301	4671
6301	4672
6301	4673
6301	4674
6301	4675
6301	4677
6301	4679
6301	4680
6301	4681
6301	4682
6301	4683
6301	4685
6301	4687
6301	4688
6301	4690
6301	4691
6301	4696
6301	4697
6301	4698
6301	4699
6301	4700
6301	4701
6301	4702
6301	4703
6301	4704
6301	4706
6301	4707
6301	4708
6301	4710
6301	4711
6301	4712
6301	4713
6301	4714
6301	4715
6301	4716
6301	4717
6301	4718
6301	4719
6301	4722
6301	4727
6301	4736
6301	4737
6301	4742
6301	4747
6301	4749
6301	4750
6301	4753
6301	4756
6301	4757
6301	4759
6301	4760
6301	4762
6301	4763
6301	4764
6301	4765
6301	4767
6301	4770
6301	4772
6301	4773
6301	4774
6301	4775
6301	4776
6301	4777
6301	4779
6301	4780
6301	4785
6301	4786
6301	4787
6301	4789
6301	4791
6301	4794
6301	4795
6301	4796
6301	4797
6301	4801
6301	4802
6301	4804
6301	4806
6301	4807
6301	4808
6301	4809
6301	4812
6301	4814
6301	4816
6301	4817
6301	4818
6301	4819
6301	4820
6301	4821
6301	4823
6301	4824
6301	4827
6301	4828
6301	4829
6301	4830
6301	4831
6301	4832
6301	4834
6301	4835
6301	4836
6301	4837
6301	4838
6301	4840
6301	4841
6301	4843
6301	4844
6301	4848
6301	4849
6301	4850
6301	4851
6301	4853
6301	4854
6301	4855
6301	4858
6301	4859
6301	4860
6301	4861
6301	4862
6301	4863
6301	4865
6301	4866
6301	4868
6301	4869
6301	4870
6301	4871
6301	4872
6301	4873
6301	4876
6301	4877
6301	4878
6301	4879
6301	4881
6301	4882
6301	4883
6301	4884
6301	4885
6301	4886
6301	4887
6301	4888
6301	4889
6301	4893
6301	4894
6301	4895
6301	4897
6301	4898
6301	4899
6301	4901
6301	4904
6301	4905
6301	4906
6301	4907
6301	4909
6301	4910
6301	4911
6301	4912
6301	4913
6301	4915
6301	4916
6301	4917
6301	4919
6301	4920
6301	4921
6301	4922
6301	4923
6301	4924
6301	4925
6301	4926
6301	4927
6301	4928
6301	4929
6301	4930
6301	4931
6301	4933
6301	4934
6301	4936
6301	4938
6301	4939
6301	4941
6301	4942
6301	4943
6301	4945
6301	4946
6301	4947
6301	4948
6301	4950
6301	4952
6301	4953
6301	4954
6301	4955
6301	4956
6301	4957
6301	4958
6301	4960
6301	4961
6301	4962
6301	4963
6301	4964
6301	4965
6301	4966
6301	4968
6301	4969
6301	4970
6301	4971
6301	4972
6301	4974
6301	4975
6301	4976
6301	4977
6301	4978
6301	4979
6301	4980
6301	4981
6301	4982
6301	4983
6301	4984
6301	4985
6301	4987
6301	4989
6301	4990
6301	4991
6301	4992
6301	4993
6301	4994
6301	4996
6301	4997
6301	4998
6301	5000
6301	5001
6301	5002
6301	5004
6301	5005
6301	5006
6301	5009
6301	5010
6301	5011
6301	5013
6301	5015
6301	5017
6301	5018
6301	5019
6301	5020
6301	5021
6301	5022
6301	5023
6301	5024
6301	5025
6301	5027
6301	5031
6301	5032
6301	5033
6301	5034
6301	5036
6301	5037
6301	5038
6301	5039
6301	5041
6301	5042
6301	5043
6301	5046
6301	5047
6301	5048
6301	5049
6301	5050
6301	5051
6301	5054
6301	5055
6301	5056
6301	5057
6301	5059
6301	5060
6301	5061
6301	5062
6301	5064
6301	5068
6301	5070
6301	5071
6301	5072
6301	5076
6301	5077
6301	5079
6301	5080
6301	5081
6301	5084
6301	5085
6301	5086
6301	5087
6301	5088
6301	5092
6301	5093
6301	5094
6301	5095
6301	5097
6301	5099
6301	5100
6301	5101
6301	5103
6301	5107
6301	5108
6301	5109
6301	5111
6301	5112
6301	5114
6301	5115
6301	5116
6301	5117
6301	5118
6301	5119
6301	5120
6301	5121
6301	5122
6301	5123
6301	5126
6301	5127
6301	5128
6301	5130
6301	5132
6301	5133
6301	5134
6301	5136
6301	5138
6301	5139
6301	5140
6301	5141
6301	5142
6301	5143
6301	5144
6301	5145
6301	5146
6301	5148
6301	5150
6301	5153
6301	5155
6301	5156
6301	5157
6301	5159
6301	5161
6301	5162
6301	5164
6301	5165
6301	5166
6301	5170
6301	5172
6301	5173
6301	5174
6301	5176
6301	5178
6301	5179
6301	5180
6301	5181
6301	5182
6301	5184
6301	5185
6301	5186
6301	5188
6301	5189
6301	5190
6301	5192
6301	5193
6301	5194
6301	5198
6301	5199
6301	5203
6301	5204
6301	5205
6301	5208
6301	5209
6301	5210
6301	5212
6301	5215
6301	5216
6301	5217
6301	5218
6301	5219
6301	5222
6301	5223
6301	5225
6301	5229
6301	5230
6301	5231
6301	5232
6301	5233
6301	5234
6301	5235
6301	5237
6301	5239
6301	5240
6301	5242
6301	5243
6301	5244
6301	5246
6301	5247
6301	5248
6301	5249
6301	5250
6301	5252
6301	5256
6301	5258
6301	5259
6301	5260
6301	5261
6301	5262
6301	5264
6301	5265
6301	5266
6301	5268
6301	5269
6301	5271
6301	5274
6301	5275
6301	5278
6301	5280
6301	5282
6301	5283
6301	5284
6301	5286
6301	5287
6301	5288
6301	5289
6301	5290
6301	5291
6301	5292
6301	5293
6301	5295
6301	5297
6301	5299
6301	5300
6301	5301
6301	5302
6301	5303
6301	5305
6301	5307
6301	5308
6301	5309
6301	5310
6301	5311
6301	5312
6301	5313
6301	5314
6301	5316
6301	5317
6301	5319
6301	5320
6301	5322
6301	5323
6301	5324
6301	5325
6301	5327
6301	5328
6301	5329
6301	5330
6301	5331
6301	5333
6301	5334
6301	5335
6301	5336
6301	5337
6301	5340
6301	5341
6301	5342
6301	5344
6301	5345
6301	5346
6301	5348
6301	5349
6301	5350
6301	5351
6301	5353
6301	5354
6301	5355
6301	5357
6301	5358
6301	5360
6301	5362
6301	5363
6301	5364
6301	5365
6301	5367
6301	5368
6301	5369
6301	5370
6301	5371
6301	5372
6301	5374
6301	5375
6301	5377
6301	5379
6301	5382
6301	5383
6301	5384
6301	5387
6301	5388
6301	5390
6301	5391
6301	5392
6301	5393
6301	5395
6301	5397
6301	5398
6301	5399
6301	5400
6301	5401
6301	5402
6301	5403
6301	5405
6301	5407
6301	5408
6301	5409
6301	5411
6301	5412
6301	5415
6301	5416
6301	5419
6301	5420
6301	5422
6301	5424
6301	5426
6301	5427
6301	5428
6301	5430
6301	5431
6301	5433
6301	5434
6301	5435
6301	5436
6301	5437
6301	5438
6301	5439
6301	5441
6301	5442
6301	5444
6301	5445
6301	5446
6301	5447
6301	5448
6301	5449
6301	5450
6301	5451
6301	5453
6301	5454
6301	5455
6301	5456
6301	5460
6301	5462
6301	5463
6301	5465
6301	5466
6301	5467
6301	5468
6301	5469
6301	5470
6301	5471
6301	5473
6301	5474
6301	5475
6301	5476
6301	5477
6301	5480
6301	5481
6301	5482
6301	5483
6301	5484
6301	5485
6301	5487
6301	5488
6301	5489
6301	5493
6301	5494
6301	5496
6301	5500
6301	5501
6301	5502
6301	5503
6301	5505
6301	5506
6301	5507
6301	5509
6301	5511
6301	5512
6301	5513
6301	5514
6301	5516
6301	5517
6301	5518
6301	5519
6301	5520
6301	5521
6301	5522
6301	5523
6301	5524
6301	5526
6301	5527
6301	5530
6301	5533
6301	5534
6301	5536
6301	5541
6301	5544
6301	5546
6301	5547
6301	5549
6301	5550
6301	5551
6301	5553
6301	5554
6301	5555
6301	5556
6301	5557
6301	5558
6301	5559
6301	5560
6301	5561
6301	5562
6301	5563
6301	5564
6301	5566
6301	5567
6301	5568
6301	5569
6301	5570
6301	5571
6301	5573
6301	5574
6301	5575
6301	5576
6301	5579
6301	5581
6301	5582
6301	5584
6301	5586
6301	5587
6301	5588
6301	5591
6301	5592
6301	5593
6301	5594
6301	5595
6301	5596
6301	5598
6301	5599
6301	5600
6301	5601
6301	5604
6301	5605
6301	5606
6301	5607
6301	5609
6301	5610
6301	5612
6301	5614
6301	5617
6301	5620
6301	5621
6301	5622
6301	5624
6301	5627
6301	5628
6301	5631
6301	5632
6301	5633
6301	5634
6301	5635
6301	5636
6301	5637
6301	5638
6301	5639
6301	5640
6301	5641
6301	5642
6301	5643
6301	5646
6301	5647
6301	5648
6301	5649
6301	5652
6301	5655
6301	5656
6301	5658
6301	5659
6301	5671
6301	5672
6301	5673
6301	5674
6301	5676
6301	5678
6301	5679
6301	5681
6301	5683
6301	5684
6301	5685
6301	5686
6301	5687
6301	5688
6301	5689
6301	5690
6301	5691
6301	5692
6301	5693
6301	5694
6301	5696
6301	5697
6301	5698
6301	5699
6301	5700
6301	5702
6301	5703
6301	5704
6301	5705
6301	5706
6301	5708
6301	5709
6301	5710
6301	5711
6301	5712
6301	5713
6301	5714
6301	5715
6301	5717
6301	5718
6301	5719
6301	5721
6301	5722
6301	5723
6301	5725
6301	5728
6301	5730
6301	5731
6301	5732
6301	5734
6301	5736
6301	5737
6301	5738
6301	5739
6301	5740
6301	5741
6301	5743
6301	5744
6301	5745
6301	5746
6301	5747
6301	5748
6301	5749
6301	5752
6301	5755
6301	5756
6301	5757
6301	5758
6301	5760
6301	5762
6301	5764
6301	5765
6301	5767
6301	5768
6301	5769
6301	5770
6301	5771
6301	5772
6301	5773
6301	5774
6301	5776
6301	5777
6301	5778
6301	5779
6301	5780
6301	5781
6301	5782
6301	5784
6301	5786
6301	5787
6301	5789
6301	5790
6301	5791
6301	5795
6301	5796
6301	5797
6301	5798
6301	5799
6301	5800
6301	5801
6301	5802
6301	5803
6301	5805
6301	5806
6301	5807
6301	5808
6301	5810
6301	5812
6301	5813
6301	5814
6301	5815
6301	5816
6301	5817
6301	5818
6301	5822
6301	5823
6301	5825
6301	5826
6301	5832
6301	5833
6301	5835
6301	5836
6301	5837
6301	5838
6301	5839
6301	5840
6301	5841
6301	5842
6301	5843
6301	5844
6301	5845
6301	5846
6301	5847
6301	5848
6301	5849
6301	5850
6301	5851
6301	5852
6301	5853
6301	5856
6301	5857
6301	5863
6301	5864
6301	5865
6301	5866
6301	5867
6301	5868
6301	5871
6301	5872
6301	5873
6301	5874
6301	5875
6301	5876
6301	5877
6301	5878
6301	5879
6301	5880
6301	5883
6301	5884
6301	5885
6301	5888
6301	5889
6301	5891
6301	5894
6301	5896
6301	5898
6301	5900
6301	5902
6301	5903
6301	5904
6301	5906
6301	5908
6301	5910
6301	5911
6301	5912
6301	5913
6301	5914
6301	5916
6301	5917
6301	5919
6301	5920
6301	5922
6301	5923
6301	5926
6301	5927
6301	5929
6301	5930
6301	5932
6301	5933
6301	5934
6301	5935
6301	5937
6301	5938
6301	5940
6301	5942
6301	5945
6301	5946
6301	5947
6301	5948
6301	5949
6301	5953
6301	5954
6301	5955
6301	5958
6301	5959
6301	5963
6301	5964
6301	5966
6301	5967
6301	5968
6301	5969
6301	5971
6301	5972
6301	5974
6301	5975
6301	5979
6301	5983
6301	5984
6301	5985
6301	5986
6301	5989
6301	5991
6301	5992
6301	5993
6301	5996
6301	5999
6301	6000
6301	6001
6301	6002
6301	6003
6301	6005
6301	6007
6301	6008
6301	6009
6301	6010
6301	6011
6301	6013
6301	6014
6301	6017
6301	6018
6301	6019
6301	6020
6301	6021
6301	6022
6301	6024
6301	6025
6301	6027
6301	6031
6301	6032
6301	6033
6301	6034
6301	6035
6301	6037
6301	6041
6301	6042
6301	6043
6301	6044
6301	6048
6301	6051
6301	6052
6301	6053
6301	6054
6301	6055
6301	6056
6301	6057
6301	6058
6301	6059
6301	6061
6301	6064
6301	6065
6301	6068
6301	6072
6301	6073
6301	6074
6301	6075
6301	6076
6301	6080
6301	6082
6301	6083
6301	6084
6301	6085
6301	6086
6301	6089
6301	6090
6301	6091
6301	6097
6301	6098
6301	6100
6301	6101
6301	6103
6301	6104
6301	6105
6301	6106
6301	6107
6301	6109
6301	6112
6301	6113
6301	6115
6301	6116
6301	6117
6301	6118
6301	6119
6301	6120
6301	6121
6301	6122
6301	6126
6301	6127
6301	6128
6301	6129
6301	6130
6301	6131
6301	6133
6301	6134
6301	6135
6301	6136
6301	6137
6301	6140
6301	6142
6301	6143
6301	6144
6301	6145
6301	6146
6301	6147
6301	6148
6301	6149
6301	6151
6301	6153
6301	6154
6301	6155
6301	6156
6301	6157
6301	6158
6301	6159
6301	6160
6301	6161
6301	6162
6301	6163
6301	6164
6301	6166
6301	6167
6301	6168
6301	6172
6301	6173
6301	6176
6301	6177
6301	6178
6301	6179
6301	6182
6301	6183
6301	6184
6301	6185
6301	6187
6301	6188
6301	6189
6301	6190
6301	6192
6301	6194
6301	6195
6301	6197
6301	6198
6301	6199
6301	6200
6301	6201
6301	6202
6301	6203
6301	6204
6301	6205
6301	6206
6301	6207
6301	6208
6301	6209
6301	6210
6301	6211
6301	6212
6301	6213
6301	6214
6301	6215
6301	6216
6301	6217
6301	6218
6301	6219
6301	6220
6301	6221
6301	6222
6301	6223
6301	6224
6301	6225
6301	6226
6301	6227
6301	6228
6301	6232
6301	6235
6301	6236
6301	6237
6301	6238
6301	6240
6301	6242
6301	6243
6301	6246
6301	6247
6301	6248
6301	6250
6301	6253
6301	6254
6301	6255
6301	6256
6301	6257
6301	6259
6301	6260
6301	6261
6301	6263
6301	6265
6301	6267
6301	6268
6301	6270
6301	6271
6301	6272
6301	6274
6301	6275
6301	6278
6301	6280
6301	6281
6301	6282
6301	6283
6301	6284
6301	6285
6301	6286
6301	6287
6301	6290
6301	6292
6301	6294
6301	6295
6301	6297
6301	6298
6301	6299
6301	6300
