# Directed graph: p2p-Gnutella08Compressed.txt 
# tab-separated list of edges, followed by a map of
# Nodes: 760 Edges: 1188
# FromNodeId	ToNodeId
0	6301
0	6302
1895	1860
13	2074
14	809
3147	534
3147	4270
3147	6315
92	6383
1711	2707
22	24
22	26
22	6301
1656	6390
38	2007
38	2167
38	6335
2007	203
2007	527
2007	3581
2007	3680
2007	3786
2007	3789
2007	6312
1932	364
1932	685
1932	921
1932	1313
1932	1829
1932	2644
1932	3018
1932	3713
1932	3714
44	50
44	6301
44	6305
1939	840
1998	3770
1950	2652
1950	2931
1950	6371
1951	3113
66	6301
66	6307
1067	6343
1986	1103
1988	3768
914	2042
104	2025
2022	2344
324	568
2065	585
2070	1425
2070	2167
2070	2966
2070	6304
137	1728
2095	3862
2102	1766
2102	1956
2102	2218
2102	3786
2102	6396
5048	5566
5940	376
1766	2218
1766	2370
1766	3680
1766	3681
181	191
181	6311
191	2370
191	6308
192	38
192	194
192	6301
194	1020
194	2136
194	6309
194	6384
2136	3888
203	6423
6424	6301
209	1903
209	2430
209	6344
2171	3907
2172	828
2172	1291
2172	1575
2172	3713
2172	6310
236	24
236	241
236	6301
236	6314
241	6382
1070	2975
922	6393
1202	3105
2245	4092
302	6355
310	316
310	6301
310	6317
316	6301
2278	152
2278	1313
2278	2975
2278	6380
2284	4105
3590	4845
2304	1327
2304	6360
2296	3987
2331	5437
2326	6403
379	2373
2348	1087
2351	6357
399	405
399	6301
399	6319
410	413
410	417
410	6301
413	2393
1256	3114
428	431
428	6301
431	2426
431	6301
1090	1516
1090	2430
1090	6361
439	442
439	443
439	6301
439	6321
483	1812
2456	942
722	2713
532	1329
532	1330
2489	2661
516	6301
516	6324
581	2538
526	56
526	527
527	1020
527	2935
527	3786
527	6350
536	1132
537	541
537	6301
537	6327
541	200
541	6334
982	3029
982	6398
560	563
560	566
560	567
560	568
560	6329
563	1575
563	2583
563	6389
2536	2254
588	6330
608	2026
2550	2163
668	6333
636	6301
636	6332
876	541
647	585
647	648
647	653
647	6301
2589	4185
2604	4166
1441	567
1441	3301
1441	6381
706	6407
1594	1595
2642	6337
719	722
719	723
719	727
719	6301
727	152
4072	4854
5138	2383
928	2652
2660	1840
2662	4250
2682	4173
2704	837
775	776
1146	2430
1146	3180
6428	3497
1336	260
889	6388
896	563
896	6301
896	6341
2781	1980
929	6301
929	6342
941	6087
948	949
948	950
948	6301
949	2831
949	2835
949	6301
949	6395
950	6301
950	6394
2831	982
2831	6301
2831	6412
2835	4331
2835	6301
956	2836
961	560
961	964
961	966
961	6301
964	364
964	2845
964	6301
994	995
997	1829
997	2383
997	6326
1536	1050
999	1000
999	1001
999	1008
999	6301
1001	788
1001	1100
1001	1291
1001	2931
1001	2935
1001	2936
1001	6331
2936	534
2936	2414
2936	3772
2936	6413
1011	3044
2926	664
2944	1240
2944	1425
2944	6375
2950	4435
1043	3146
1043	4264
4264	1157
2989	2232
2989	2448
1075	1080
1075	1081
1075	1083
1075	6301
1080	6301
1081	922
1081	6323
1098	1100
1098	1103
1098	1105
1098	6346
1098	6347
1108	6348
1108	6425
6426	1956
1117	6301
1117	6349
3001	200
1126	3147
1126	3148
1133	3158
3148	3301
1134	164
3025	3335
3025	6402
1181	1184
1181	1189
1181	6301
1181	6351
1184	2259
1189	3054
1344	1288
1344	2966
1344	3018
1344	3185
1344	6353
1200	1202
1200	1204
1200	1205
1200	1207
1200	6301
1200	6352
1204	6301
1204	6400
1205	3068
1205	6301
1207	3074
1207	3078
1207	6301
1207	6399
3074	4493
3074	6301
3078	4500
3078	6301
1211	1800
1218	941
1218	1000
1218	6301
1222	1227
1222	6301
1222	6354
5312	5278
1237	1240
1237	1241
1237	6301
1237	6356
1241	1492
3106	2543
6425	6301
1260	1263
1260	6301
3127	3185
3127	4641
3127	6385
1286	1056
1286	1100
1286	1288
1286	1291
1286	1293
1286	6301
1294	1295
1294	6301
1294	6358
1307	1308
1307	1313
1307	6301
1307	6359
1308	2661
1308	6301
1308	6401
3193	1983
3223	1327
3223	6386
3224	2516
3235	1313
3235	1538
3235	4620
3235	6316
5487	5858
3250	1903
3234	4709
1398	1399
1398	6301
1399	3243
1399	3246
1399	6301
3246	840
3246	4630
3246	4631
3246	6301
3254	1067
1444	6420
1403	6301
1403	6363
3274	4644
4635	443
4635	664
4635	828
4635	942
4635	6392
3297	921
1442	575
1443	1444
1445	6301
1445	6364
1453	1295
1453	1455
1453	6301
1460	1461
1462	6301
1462	6365
3317	4678
1478	1481
1478	6301
1478	6366
1493	1227
1495	1496
1497	828
1497	1501
1497	6301
1497	6367
1506	1090
1506	1511
1506	6369
1520	6301
1520	6370
6061	6150
1545	1837
1562	405
1562	1105
1562	1566
1562	1567
1562	6301
1566	1425
1566	3353
1566	6301
3359	997
1577	6328
1579	1240
1579	1580
1579	1582
1579	6301
1582	6301
1584	1036
1596	1603
1596	6301
1603	6301
1627	364
1627	442
1627	2278
1627	6405
1632	1481
1648	1649
1649	324
1649	1157
1649	3396
1649	3397
1649	3398
3396	6301
3397	4304
3398	4745
3398	6301
3398	6415
1657	1663
1657	6301
1657	6372
1663	6301
1674	1680
1674	6301
1674	6373
1680	2131
1683	1684
1691	3669
1692	191
1692	1256
1692	6301
1692	6374
3478	1539
1710	1711
1712	1713
1713	2163
1713	6301
1713	6406
1722	1723
1723	6301
1742	1745
1742	1746
1742	6301
1746	889
1746	3505
1746	6301
3505	6301
3519	648
3519	1227
3519	4883
3519	6340
1753	1759
1753	6301
1785	1793
1785	6301
1793	2543
1793	2713
1793	3541
1793	6301
3547	711
1834	1835
1834	1837
1834	1839
1834	1840
1834	6301
1839	3590
1839	6301
1839	6408
3581	3750
1847	6301
1847	6378
1856	1211
1856	1857
1856	1858
1856	1860
1856	6301
1857	757
1857	3612
1857	6301
1857	6409
3612	4855
1864	1608
1864	1869
1864	6301
1871	3491
1876	1288
1877	534
1877	1879
1877	1884
1877	6301
1884	6301
1893	6345
3694	1280
3714	1056
3710	3335
3710	6410
3737	660
3765	921
3765	4918
3765	6414
3772	2414
3819	1441
3819	1538
3819	6320
3851	850
3839	4063
3848	3212
3931	566
3931	3212
3931	6404
4806	5451
3952	4706
3975	57
5165	5407
4026	1330
4026	6417
4038	2236
4059	3789
4083	4317
4102	50
4102	2557
4106	6322
4117	5086
4143	685
4143	1036
4143	6376
4144	1481
4144	6318
4149	5105
4151	5091
5600	4943
4175	5209
4205	1501
4236	5105
4236	5156
4236	6368
5807	648
5807	4170
5807	6377
4253	5169
4256	2613
4269	4797
4291	5017
4304	5157
4317	1511
4336	4491
4391	1894
4458	491
4458	541
4458	5300
4458	6306
4500	1884
4500	5283
4500	6301
4505	3456
4506	5316
4572	5376
4592	5380
4603	5381
4620	2645
4631	664
4631	2218
4631	5394
4631	6301
4674	5283
4680	3590
4680	4080
4680	6379
4745	56
4745	3681
4745	5461
4745	6301
6429	788
4837	5525
4881	5672
4918	5577
4921	6313
4923	5428
4948	5583
5937	5614
5937	6338
5021	5604
5024	114
5037	6391
5034	3029
5042	2968
5043	2557
5060	363
5077	837
5077	4270
5077	6397
5093	2031
5120	626
5156	3370
5190	1056
5222	3301
5259	4540
5250	5733
5291	6421
5290	3476
5292	1240
5292	3029
5292	4641
5292	6418
5884	6040
5357	1516
5357	6419
5380	1001
5372	2594
5379	2579
6427	3218
5500	2059
5505	295
5509	2218
5509	4854
5509	6362
5523	241
5568	1575
5568	6339
5587	5300
5614	4415
5643	5918
5655	1608
5656	442
5691	3481
5708	5943
5703	789
5740	2018
5757	4570
5755	3509
5802	4273
5858	612
5847	1240
5847	1691
5847	6325
5866	2232
5866	3481
5537	5538
5537	5539
5537	5540
5537	6301
5538	6301
5538	6422
5539	6301
5932	552
5971	6091
6059	683
6018	443
6031	4966
6089	6237
6105	6179
6134	3960
6163	491
6163	2583
6163	6336
6155	3768
6155	4080
6155	4883
6155	5086
6155	6387
6194	6416
6187	4170
6243	3243
6255	757
6282	6411
6301	13
6301	14
6301	38
6301	50
6301	56
6301	57
6301	92
6301	104
6301	114
6301	137
6301	152
6301	164
6301	181
6301	191
6301	200
6301	203
6301	209
6301	241
6301	260
6301	295
6301	302
6301	324
6301	363
6301	364
6301	376
6301	379
6301	413
6301	442
6301	443
6301	483
6301	491
6301	526
6301	527
6301	532
6301	534
6301	536
6301	541
6301	552
6301	560
6301	563
6301	566
6301	567
6301	568
6301	575
6301	581
6301	585
6301	588
6301	608
6301	612
6301	626
6301	648
6301	660
6301	664
6301	668
6301	683
6301	685
6301	706
6301	711
6301	722
6301	727
6301	757
6301	776
6301	788
6301	789
6301	809
6301	828
6301	837
6301	840
6301	850
6301	876
6301	889
6301	914
6301	921
6301	922
6301	928
6301	941
6301	942
6301	956
6301	982
6301	995
6301	997
6301	1001
6301	1011
6301	1020
6301	1036
6301	1043
6301	1050
6301	1056
6301	1067
6301	1070
6301	1081
6301	1087
6301	1090
6301	1100
6301	1103
6301	1126
6301	1132
6301	1133
6301	1134
6301	1146
6301	1157
6301	1184
6301	1202
6301	1211
6301	1227
6301	1240
6301	1256
6301	1280
6301	1288
6301	1291
6301	1313
6301	1327
6301	1330
6301	1336
6301	1344
6301	1425
6301	1441
6301	1442
6301	1443
6301	1444
6301	1460
6301	1481
6301	1492
6301	1493
6301	1495
6301	1501
6301	1506
6301	1511
6301	1516
6301	1536
6301	1538
6301	1539
6301	1545
6301	1575
6301	1577
6301	1584
6301	1594
6301	1595
6301	1608
6301	1627
6301	1632
6301	1656
6301	1691
6301	1710
6301	1711
6301	1728
6301	1766
6301	1800
6301	1812
6301	1829
6301	1837
6301	1840
6301	1860
6301	1871
6301	1893
6301	1894
6301	1895
6301	1903
6301	1932
6301	1939
6301	1950
6301	1951
6301	1956
6301	1980
6301	1983
6301	1986
6301	1988
6301	1998
6301	2007
6301	2018
6301	2022
6301	2026
6301	2031
6301	2042
6301	2059
6301	2065
6301	2070
6301	2074
6301	2095
6301	2102
6301	2131
6301	2136
6301	2163
6301	2167
6301	2171
6301	2172
6301	2218
6301	2232
6301	2236
6301	2245
6301	2254
6301	2259
6301	2278
6301	2284
6301	2296
6301	2304
6301	2326
6301	2331
6301	2344
6301	2348
6301	2351
6301	2373
6301	2383
6301	2414
6301	2430
6301	2448
6301	2456
6301	2489
6301	2516
6301	2536
6301	2538
6301	2543
6301	2550
6301	2557
6301	2579
6301	2583
6301	2589
6301	2594
6301	2604
6301	2613
6301	2642
6301	2644
6301	2645
6301	2652
6301	2660
6301	2661
6301	2662
6301	2682
6301	2704
6301	2707
6301	2713
6301	2781
6301	2836
6301	2926
6301	2931
6301	2935
6301	2936
6301	2944
6301	2950
6301	2966
6301	2968
6301	2975
6301	2989
6301	3001
6301	3018
6301	3025
6301	3029
6301	3054
6301	3105
6301	3106
6301	3113
6301	3114
6301	3127
6301	3146
6301	3147
6301	3185
6301	3193
6301	3212
6301	3218
6301	3223
6301	3224
6301	3234
6301	3235
6301	3243
6301	3250
6301	3254
6301	3274
6301	3297
6301	3301
6301	3317
6301	3335
6301	3359
6301	3370
6301	3397
6301	3456
6301	3476
6301	3478
6301	3481
6301	3491
6301	3497
6301	3509
6301	3519
6301	3547
6301	3581
6301	3590
6301	3612
6301	3680
6301	3681
6301	3694
6301	3710
6301	3713
6301	3714
6301	3737
6301	3750
6301	3765
6301	3768
6301	3772
6301	3786
6301	3789
6301	3819
6301	3839
6301	3848
6301	3851
6301	3862
6301	3907
6301	3931
6301	3952
6301	3960
6301	3975
6301	4026
6301	4038
6301	4059
6301	4063
6301	4072
6301	4080
6301	4083
6301	4102
6301	4106
6301	4117
6301	4143
6301	4144
6301	4149
6301	4151
6301	4166
6301	4170
6301	4173
6301	4175
6301	4185
6301	4205
6301	4236
6301	4250
6301	4253
6301	4256
6301	4264
6301	4269
6301	4270
6301	4273
6301	4291
6301	4304
6301	4317
6301	4336
6301	4391
6301	4415
6301	4458
6301	4491
6301	4505
6301	4506
6301	4540
6301	4570
6301	4572
6301	4592
6301	4603
6301	4635
6301	4641
6301	4674
6301	4680
6301	4706
6301	4797
6301	4806
6301	4837
6301	4854
6301	4855
6301	4881
6301	4883
6301	4921
6301	4923
6301	4943
6301	4948
6301	4966
6301	5017
6301	5021
6301	5024
6301	5034
6301	5037
6301	5042
6301	5043
6301	5048
6301	5060
6301	5077
6301	5086
6301	5093
6301	5120
6301	5138
6301	5156
6301	5157
6301	5165
6301	5190
6301	5209
6301	5222
6301	5250
6301	5259
6301	5278
6301	5283
6301	5290
6301	5291
6301	5292
6301	5300
6301	5312
6301	5316
6301	5357
6301	5372
6301	5379
6301	5407
6301	5428
6301	5437
6301	5451
6301	5487
6301	5500
6301	5505
6301	5509
6301	5523
6301	5566
6301	5568
6301	5587
6301	5600
6301	5604
6301	5614
6301	5643
6301	5655
6301	5656
6301	5672
6301	5691
6301	5703
6301	5708
6301	5740
6301	5755
6301	5757
6301	5802
6301	5807
6301	5847
6301	5866
6301	5884
6301	5932
6301	5937
6301	5940
6301	5971
6301	6018
6301	6031
6301	6059
6301	6061
6301	6089
6301	6091
6301	6105
6301	6134
6301	6155
6301	6163
6301	6179
6301	6187
6301	6194
6301	6237
6301	6243
6301	6255
6301	6282
6301	6303
6301	6309
6301	6310
6301	6313
6301	6315
6301	6320
6301	6322
6301	6338
6301	6339
6301	6340
6301	6344
6301	6345
6301	6346
6301	6350
6301	6355
6301	6357
6301	6360
6301	6368
6301	6371
6301	6376
6301	6379
6301	6381
6301	6382
6301	6383
6301	6385
6301	6390
6301	6397
6301	6403
6301	6404
6301	6405
6301	6413
6301	6414
6301	6419
6301	6426
6301	6427
6301	6428
6301	6429

list of Nodes paired with the SuperNode that represents that Node in the compressed graph
(3, 6301)
(4, 6301)
(5, 6301)
(7, 6301)
(8, 6301)
(9, 6301)
(11, 6301)
(15, 6301)
(17, 6301)
(20, 6301)
(21, 6301)
(25, 6301)
(27, 6301)
(28, 6301)
(29, 6301)
(30, 6301)
(31, 6301)
(32, 6301)
(33, 6301)
(36, 6301)
(39, 6301)
(43, 6301)
(49, 6301)
(55, 6301)
(60, 6301)
(61, 6301)
(62, 6301)
(63, 6301)
(64, 6301)
(65, 6301)
(67, 6301)
(68, 6301)
(73, 6301)
(75, 6301)
(76, 6301)
(78, 6301)
(80, 6301)
(81, 6301)
(83, 6301)
(87, 6301)
(89, 6301)
(91, 6301)
(100, 6301)
(101, 6301)
(102, 6301)
(105, 6301)
(108, 6301)
(110, 6301)
(111, 6301)
(112, 6301)
(113, 6301)
(116, 6301)
(120, 6301)
(122, 6301)
(123, 6301)
(124, 6301)
(125, 6301)
(126, 6301)
(127, 6301)
(129, 6301)
(130, 6301)
(131, 6301)
(132, 6301)
(133, 6301)
(135, 6301)
(136, 6301)
(138, 6301)
(141, 6301)
(143, 6301)
(144, 6301)
(145, 6301)
(146, 6301)
(147, 6301)
(148, 6301)
(149, 6301)
(151, 6301)
(155, 6301)
(158, 6301)
(160, 6301)
(162, 6301)
(165, 6301)
(167, 6301)
(169, 6301)
(172, 6301)
(173, 6301)
(174, 6301)
(175, 6301)
(176, 6301)
(177, 6301)
(178, 6301)
(179, 6301)
(180, 6301)
(193, 6301)
(195, 6301)
(196, 6301)
(197, 6301)
(198, 6301)
(201, 6301)
(208, 6301)
(211, 6301)
(218, 6301)
(225, 6301)
(226, 6301)
(228, 6301)
(229, 6301)
(232, 6301)
(238, 6301)
(243, 6301)
(244, 6301)
(247, 6301)
(248, 6301)
(249, 6301)
(250, 6301)
(251, 6301)
(252, 6301)
(253, 6301)
(257, 6301)
(263, 6301)
(264, 6301)
(267, 6301)
(270, 6301)
(276, 6301)
(279, 6301)
(280, 6301)
(283, 6301)
(284, 6301)
(285, 6301)
(288, 6301)
(289, 6301)
(298, 6301)
(299, 6301)
(300, 6301)
(303, 6301)
(305, 6301)
(307, 6301)
(311, 6301)
(314, 6301)
(321, 6301)
(325, 6301)
(326, 6301)
(327, 6301)
(331, 6301)
(334, 6301)
(335, 6301)
(339, 6301)
(340, 6301)
(341, 6301)
(343, 6301)
(344, 6301)
(345, 6301)
(346, 6301)
(348, 6301)
(349, 6301)
(350, 6301)
(351, 6301)
(352, 6301)
(353, 6301)
(355, 6301)
(356, 6301)
(359, 6301)
(360, 6301)
(367, 6301)
(369, 6301)
(370, 6301)
(371, 6301)
(372, 6301)
(377, 6301)
(378, 6301)
(380, 6301)
(381, 6301)
(382, 6301)
(385, 6301)
(386, 6301)
(387, 6301)
(389, 6301)
(390, 6301)
(391, 6301)
(392, 6301)
(398, 6301)
(401, 6301)
(406, 6301)
(407, 6301)
(409, 6301)
(411, 6301)
(412, 6301)
(415, 6301)
(416, 6301)
(418, 6301)
(422, 6301)
(423, 6301)
(424, 6301)
(425, 6301)
(427, 6301)
(430, 6301)
(433, 6301)
(434, 6301)
(435, 6301)
(437, 6301)
(438, 6301)
(440, 6301)
(448, 6301)
(449, 6301)
(450, 6301)
(455, 6301)
(458, 6301)
(466, 6301)
(469, 6301)
(472, 6301)
(473, 6301)
(475, 6301)
(478, 6301)
(479, 6301)
(480, 6301)
(481, 6301)
(484, 6301)
(485, 6301)
(489, 6301)
(490, 6301)
(494, 6301)
(496, 6301)
(499, 6301)
(500, 6301)
(504, 6301)
(505, 6301)
(507, 6301)
(508, 6301)
(509, 6301)
(521, 6301)
(528, 6301)
(531, 6301)
(533, 6301)
(544, 6301)
(547, 6301)
(548, 6301)
(551, 6301)
(553, 6301)
(554, 6301)
(557, 6301)
(558, 6301)
(559, 6301)
(571, 6301)
(572, 6301)
(573, 6301)
(574, 6301)
(576, 6301)
(577, 6301)
(579, 6301)
(580, 6301)
(582, 6301)
(584, 6301)
(586, 6301)
(599, 6301)
(605, 6301)
(606, 6301)
(607, 6301)
(610, 6301)
(611, 6301)
(613, 6301)
(617, 6301)
(620, 6301)
(628, 6301)
(629, 6301)
(631, 6301)
(634, 6301)
(635, 6301)
(637, 6301)
(645, 6301)
(646, 6301)
(652, 6301)
(654, 6301)
(655, 6301)
(656, 6301)
(659, 6301)
(665, 6301)
(667, 6301)
(679, 6301)
(680, 6301)
(682, 6301)
(684, 6301)
(686, 6301)
(689, 6301)
(693, 6301)
(694, 6301)
(695, 6301)
(697, 6301)
(699, 6301)
(700, 6301)
(701, 6301)
(703, 6301)
(704, 6301)
(705, 6301)
(707, 6301)
(709, 6301)
(715, 6301)
(716, 6301)
(717, 6301)
(718, 6301)
(720, 6301)
(724, 6301)
(726, 6301)
(728, 6301)
(731, 6301)
(732, 6301)
(734, 6301)
(736, 6301)
(737, 6301)
(739, 6301)
(740, 6301)
(741, 6301)
(742, 6301)
(747, 6301)
(750, 6301)
(751, 6301)
(753, 6301)
(756, 6301)
(759, 6301)
(760, 6301)
(762, 6301)
(764, 6301)
(766, 6301)
(767, 6301)
(769, 6301)
(771, 6301)
(773, 6301)
(777, 6301)
(786, 6301)
(787, 6301)
(801, 6301)
(804, 6301)
(805, 6301)
(811, 6301)
(816, 6301)
(820, 6301)
(821, 6301)
(823, 6301)
(825, 6301)
(830, 6301)
(836, 6301)
(845, 6301)
(846, 6301)
(848, 6301)
(852, 6301)
(855, 6301)
(856, 6301)
(858, 6301)
(859, 6301)
(863, 6301)
(864, 6301)
(866, 6301)
(867, 6301)
(868, 6301)
(869, 6301)
(873, 6301)
(874, 6301)
(878, 6301)
(881, 6301)
(882, 6301)
(885, 6301)
(886, 6301)
(887, 6301)
(892, 6301)
(898, 6301)
(902, 6301)
(904, 6301)
(906, 6301)
(907, 6301)
(908, 6301)
(909, 6301)
(910, 6301)
(918, 6301)
(919, 6301)
(923, 6301)
(924, 6301)
(926, 6301)
(930, 6301)
(937, 6301)
(938, 6301)
(945, 6301)
(952, 6301)
(955, 6301)
(958, 6301)
(962, 6301)
(963, 6301)
(965, 6301)
(967, 6301)
(968, 6301)
(972, 6301)
(975, 6301)
(977, 6301)
(978, 6301)
(979, 6301)
(981, 6301)
(984, 6301)
(986, 6301)
(988, 6301)
(989, 6301)
(990, 6301)
(996, 6301)
(998, 6301)
(1002, 6301)
(1004, 6301)
(1005, 6301)
(1009, 6301)
(1010, 6301)
(1013, 6301)
(1015, 6301)
(1019, 6301)
(1022, 6301)
(1025, 6301)
(1026, 6301)
(1027, 6301)
(1028, 6301)
(1029, 6301)
(1030, 6301)
(1033, 6301)
(1039, 6301)
(1040, 6301)
(1041, 6301)
(1046, 6301)
(1048, 6301)
(1055, 6301)
(1057, 6301)
(1059, 6301)
(1063, 6301)
(1068, 6301)
(1077, 6301)
(1082, 6301)
(1084, 6301)
(1086, 6301)
(1089, 6301)
(1091, 6301)
(1094, 6301)
(1107, 6301)
(1118, 6301)
(1124, 6301)
(1129, 6301)
(1130, 6301)
(1135, 6301)
(1136, 6301)
(1137, 6301)
(1138, 6301)
(1139, 6301)
(1141, 6301)
(1143, 6301)
(1144, 6301)
(1154, 6301)
(1155, 6301)
(1158, 6301)
(1162, 6301)
(1163, 6301)
(1165, 6301)
(1167, 6301)
(1168, 6301)
(1172, 6301)
(1173, 6301)
(1174, 6301)
(1176, 6301)
(1191, 6301)
(1192, 6301)
(1193, 6301)
(1198, 6301)
(1199, 6301)
(1209, 6301)
(1212, 6301)
(1216, 6301)
(1217, 6301)
(1223, 6301)
(1228, 6301)
(1229, 6301)
(1230, 6301)
(1232, 6301)
(1234, 6301)
(1235, 6301)
(1243, 6301)
(1245, 6301)
(1250, 6301)
(1251, 6301)
(1253, 6301)
(1254, 6301)
(1255, 6301)
(1258, 6301)
(1259, 6301)
(1265, 6301)
(1266, 6301)
(1267, 6301)
(1273, 6301)
(1275, 6301)
(1276, 6301)
(1278, 6301)
(1279, 6301)
(1281, 6301)
(1284, 6301)
(1287, 6301)
(1289, 6301)
(1290, 6301)
(1292, 6301)
(1297, 6301)
(1301, 6301)
(1305, 6301)
(1310, 6301)
(1317, 6301)
(1318, 6301)
(1319, 6301)
(1323, 6301)
(1325, 6301)
(1326, 6301)
(1328, 6301)
(1331, 6301)
(1333, 6301)
(1337, 6301)
(1338, 6301)
(1339, 6301)
(1341, 6301)
(1343, 6301)
(1346, 6301)
(1352, 6301)
(1354, 6301)
(1356, 6301)
(1359, 6301)
(1360, 6301)
(1361, 6301)
(1362, 6301)
(1365, 6301)
(1366, 6301)
(1369, 6301)
(1370, 6301)
(1377, 6301)
(1379, 6301)
(1380, 6301)
(1382, 6301)
(1383, 6301)
(1385, 6301)
(1387, 6301)
(1388, 6301)
(1389, 6301)
(1390, 6301)
(1393, 6301)
(1394, 6301)
(1396, 6301)
(1397, 6301)
(1400, 6301)
(1401, 6301)
(1402, 6301)
(1404, 6301)
(1409, 6301)
(1411, 6301)
(1412, 6301)
(1413, 6301)
(1414, 6301)
(1415, 6301)
(1417, 6301)
(1419, 6301)
(1424, 6301)
(1426, 6301)
(1427, 6301)
(1429, 6301)
(1430, 6301)
(1431, 6301)
(1433, 6301)
(1434, 6301)
(1438, 6301)
(1440, 6301)
(1454, 6301)
(1458, 6301)
(1459, 6301)
(1466, 6301)
(1473, 6301)
(1476, 6301)
(1477, 6301)
(1484, 6301)
(1485, 6301)
(1487, 6301)
(1504, 6301)
(1518, 6301)
(1519, 6301)
(1522, 6301)
(1529, 6301)
(1531, 6301)
(1533, 6301)
(1534, 6301)
(1535, 6301)
(1537, 6301)
(1540, 6301)
(1541, 6301)
(1544, 6301)
(1546, 6301)
(1547, 6301)
(1548, 6301)
(1549, 6301)
(1550, 6301)
(1556, 6301)
(1557, 6301)
(1559, 6301)
(1561, 6301)
(1564, 6301)
(1569, 6301)
(1572, 6301)
(1573, 6301)
(1585, 6301)
(1586, 6301)
(1589, 6301)
(1590, 6301)
(1600, 6301)
(1601, 6301)
(1602, 6301)
(1605, 6301)
(1610, 6301)
(1612, 6301)
(1616, 6301)
(1620, 6301)
(1626, 6301)
(1633, 6301)
(1636, 6301)
(1637, 6301)
(1638, 6301)
(1641, 6301)
(1644, 6301)
(1647, 6301)
(1650, 6301)
(1651, 6301)
(1653, 6301)
(1654, 6301)
(1658, 6301)
(1659, 6301)
(1665, 6301)
(1666, 6301)
(1669, 6301)
(1670, 6301)
(1672, 6301)
(1673, 6301)
(1675, 6301)
(1676, 6301)
(1685, 6301)
(1687, 6301)
(1694, 6301)
(1698, 6301)
(1699, 6301)
(1700, 6301)
(1701, 6301)
(1703, 6301)
(1704, 6301)
(1706, 6301)
(1707, 6301)
(1709, 6301)
(1714, 6301)
(1717, 6301)
(1721, 6301)
(1724, 6301)
(1729, 6301)
(1732, 6301)
(1733, 6301)
(1734, 6301)
(1735, 6301)
(1737, 6301)
(1739, 6301)
(1740, 6301)
(1743, 6301)
(1749, 6301)
(1750, 6301)
(1751, 6301)
(1752, 6301)
(1758, 6301)
(1765, 6301)
(1767, 6301)
(1770, 6301)
(1772, 6301)
(1780, 6301)
(1782, 6301)
(1784, 6301)
(1786, 6301)
(1787, 6301)
(1792, 6301)
(1794, 6301)
(1799, 6301)
(1805, 6301)
(1806, 6301)
(1811, 6301)
(1813, 6301)
(1814, 6301)
(1815, 6301)
(1816, 6301)
(1818, 6301)
(1819, 6301)
(1820, 6301)
(1821, 6301)
(1827, 6301)
(1831, 6301)
(1832, 6301)
(1836, 6301)
(1842, 6301)
(1843, 6301)
(1844, 6301)
(1848, 6301)
(1850, 6301)
(1854, 6301)
(1855, 6301)
(1859, 6301)
(1862, 6301)
(1866, 6301)
(1867, 6301)
(1868, 6301)
(1870, 6301)
(1872, 6301)
(1880, 6301)
(1881, 6301)
(1882, 6301)
(1883, 6301)
(1885, 6301)
(1888, 6301)
(1889, 6301)
(1890, 6301)
(1891, 6301)
(1896, 6301)
(1904, 6301)
(1907, 6301)
(1910, 6301)
(1917, 6301)
(1920, 6301)
(1922, 6301)
(1923, 6301)
(1924, 6301)
(1926, 6301)
(1929, 6301)
(1930, 6301)
(1934, 6301)
(1941, 6301)
(1942, 6301)
(1943, 6301)
(1945, 6301)
(1946, 6301)
(1947, 6301)
(1948, 6301)
(1958, 6301)
(1968, 6301)
(1969, 6301)
(1971, 6301)
(1972, 6301)
(1973, 6301)
(1974, 6301)
(1981, 6301)
(1982, 6301)
(1984, 6301)
(1987, 6301)
(1989, 6301)
(1992, 6301)
(1994, 6301)
(1995, 6301)
(1996, 6301)
(1999, 6301)
(2001, 6301)
(2003, 6301)
(2014, 6301)
(2017, 6301)
(2020, 6301)
(2023, 6301)
(2024, 6301)
(2032, 6301)
(2037, 6301)
(2038, 6301)
(2039, 6301)
(2043, 6301)
(2046, 6301)
(2047, 6301)
(2048, 6301)
(2049, 6301)
(2050, 6301)
(2052, 6301)
(2053, 6301)
(2055, 6301)
(2056, 6301)
(2060, 6301)
(2066, 6301)
(2068, 6301)
(2069, 6301)
(2075, 6301)
(2079, 6301)
(2080, 6301)
(2084, 6301)
(2086, 6301)
(2087, 6301)
(2088, 6301)
(2091, 6301)
(2092, 6301)
(2093, 6301)
(2094, 6301)
(2096, 6301)
(2112, 6301)
(2114, 6301)
(2115, 6301)
(2116, 6301)
(2133, 6301)
(2134, 6301)
(2143, 6301)
(2145, 6301)
(2146, 6301)
(2148, 6301)
(2153, 6301)
(2156, 6301)
(2158, 6301)
(2164, 6301)
(2173, 6301)
(2174, 6301)
(2176, 6301)
(2178, 6301)
(2181, 6301)
(2184, 6301)
(2193, 6301)
(2195, 6301)
(2199, 6301)
(2201, 6301)
(2205, 6301)
(2217, 6301)
(2221, 6301)
(2223, 6301)
(2224, 6301)
(2225, 6301)
(2226, 6301)
(2228, 6301)
(2231, 6301)
(2237, 6301)
(2241, 6301)
(2243, 6301)
(2244, 6301)
(2248, 6301)
(2252, 6301)
(2253, 6301)
(2260, 6301)
(2261, 6301)
(2262, 6301)
(2267, 6301)
(2269, 6301)
(2275, 6301)
(2279, 6301)
(2281, 6301)
(2285, 6301)
(2286, 6301)
(2288, 6301)
(2290, 6301)
(2292, 6301)
(2293, 6301)
(2295, 6301)
(2299, 6301)
(2300, 6301)
(2309, 6301)
(2312, 6301)
(2313, 6301)
(2314, 6301)
(2315, 6301)
(2318, 6301)
(2322, 6301)
(2324, 6301)
(2325, 6301)
(2329, 6301)
(2332, 6301)
(2333, 6301)
(2336, 6301)
(2337, 6301)
(2338, 6301)
(2343, 6301)
(2345, 6301)
(2347, 6301)
(2350, 6301)
(2352, 6301)
(2356, 6301)
(2358, 6301)
(2360, 6301)
(2361, 6301)
(2362, 6301)
(2364, 6301)
(2374, 6301)
(2375, 6301)
(2376, 6301)
(2377, 6301)
(2381, 6301)
(2384, 6301)
(2388, 6301)
(2391, 6301)
(2392, 6301)
(2396, 6301)
(2398, 6301)
(2399, 6301)
(2407, 6301)
(2411, 6301)
(2420, 6301)
(2424, 6301)
(2425, 6301)
(2428, 6301)
(2440, 6301)
(2444, 6301)
(2451, 6301)
(2452, 6301)
(2453, 6301)
(2454, 6301)
(2459, 6301)
(2460, 6301)
(2461, 6301)
(2463, 6301)
(2464, 6301)
(2465, 6301)
(2471, 6301)
(2474, 6301)
(2485, 6301)
(2486, 6301)
(2490, 6301)
(2492, 6301)
(2494, 6301)
(2498, 6301)
(2500, 6301)
(2501, 6301)
(2503, 6301)
(2504, 6301)
(2505, 6301)
(2506, 6301)
(2510, 6301)
(2523, 6301)
(2524, 6301)
(2529, 6301)
(2530, 6301)
(2532, 6301)
(2544, 6301)
(2546, 6301)
(2548, 6301)
(2549, 6301)
(2551, 6301)
(2554, 6301)
(2559, 6301)
(2562, 6301)
(2569, 6301)
(2575, 6301)
(2576, 6301)
(2577, 6301)
(2578, 6301)
(2581, 6301)
(2590, 6301)
(2591, 6301)
(2593, 6301)
(2596, 6301)
(2597, 6301)
(2599, 6301)
(2606, 6301)
(2607, 6301)
(2612, 6301)
(2614, 6301)
(2615, 6301)
(2617, 6301)
(2621, 6301)
(2622, 6301)
(2626, 6301)
(2627, 6301)
(2629, 6301)
(2634, 6301)
(2635, 6301)
(2638, 6301)
(2639, 6301)
(2646, 6301)
(2653, 6301)
(2654, 6301)
(2657, 6301)
(2659, 6301)
(2663, 6301)
(2666, 6301)
(2670, 6301)
(2676, 6301)
(2678, 6301)
(2679, 6301)
(2680, 6301)
(2681, 6301)
(2683, 6301)
(2690, 6301)
(2693, 6301)
(2694, 6301)
(2695, 6301)
(2698, 6301)
(2699, 6301)
(2702, 6301)
(2709, 6301)
(2710, 6301)
(2712, 6301)
(2715, 6301)
(2716, 6301)
(2718, 6301)
(2719, 6301)
(2721, 6301)
(2723, 6301)
(2728, 6301)
(2732, 6301)
(2733, 6301)
(2735, 6301)
(2743, 6301)
(2748, 6301)
(2750, 6301)
(2751, 6301)
(2757, 6301)
(2761, 6301)
(2767, 6301)
(2770, 6301)
(2773, 6301)
(2774, 6301)
(2777, 6301)
(2779, 6301)
(2790, 6301)
(2794, 6301)
(2796, 6301)
(2797, 6301)
(2798, 6301)
(2803, 6301)
(2804, 6301)
(2807, 6301)
(2808, 6301)
(2819, 6301)
(2821, 6301)
(2822, 6301)
(2823, 6301)
(2826, 6301)
(2828, 6301)
(2829, 6301)
(2847, 6301)
(2852, 6301)
(2859, 6301)
(2860, 6301)
(2861, 6301)
(2862, 6301)
(2864, 6301)
(2866, 6301)
(2868, 6301)
(2870, 6301)
(2871, 6301)
(2873, 6301)
(2875, 6301)
(2879, 6301)
(2881, 6301)
(2883, 6301)
(2885, 6301)
(2886, 6301)
(2887, 6301)
(2888, 6301)
(2890, 6301)
(2892, 6301)
(2897, 6301)
(2898, 6301)
(2900, 6301)
(2901, 6301)
(2903, 6301)
(2904, 6301)
(2906, 6301)
(2907, 6301)
(2921, 6301)
(2922, 6301)
(2927, 6301)
(2930, 6301)
(2938, 6301)
(2939, 6301)
(2942, 6301)
(2946, 6301)
(2948, 6301)
(2949, 6301)
(2952, 6301)
(2958, 6301)
(2961, 6301)
(2962, 6301)
(2974, 6301)
(2986, 6301)
(2988, 6301)
(2991, 6301)
(2992, 6301)
(2997, 6301)
(3003, 6301)
(3004, 6301)
(3009, 6301)
(3010, 6301)
(3011, 6301)
(3014, 6301)
(3016, 6301)
(3023, 6301)
(3024, 6301)
(3026, 6301)
(3027, 6301)
(3032, 6301)
(3033, 6301)
(3034, 6301)
(3037, 6301)
(3038, 6301)
(3039, 6301)
(3040, 6301)
(3041, 6301)
(3042, 6301)
(3043, 6301)
(3045, 6301)
(3046, 6301)
(3056, 6301)
(3058, 6301)
(3059, 6301)
(3060, 6301)
(3061, 6301)
(3063, 6301)
(3066, 6301)
(3067, 6301)
(3077, 6301)
(3080, 6301)
(3081, 6301)
(3086, 6301)
(3087, 6301)
(3088, 6301)
(3092, 6301)
(3095, 6301)
(3096, 6301)
(3098, 6301)
(3100, 6301)
(3102, 6301)
(3115, 6301)
(3117, 6301)
(3120, 6301)
(3126, 6301)
(3129, 6301)
(3135, 6301)
(3137, 6301)
(3138, 6301)
(3140, 6301)
(3142, 6301)
(3149, 6301)
(3152, 6301)
(3156, 6301)
(3160, 6301)
(3163, 6301)
(3171, 6301)
(3174, 6301)
(3176, 6301)
(3178, 6301)
(3179, 6301)
(3190, 6301)
(3191, 6301)
(3192, 6301)
(3194, 6301)
(3197, 6301)
(3200, 6301)
(3202, 6301)
(3206, 6301)
(3207, 6301)
(3208, 6301)
(3210, 6301)
(3213, 6301)
(3220, 6301)
(3222, 6301)
(3225, 6301)
(3228, 6301)
(3232, 6301)
(3233, 6301)
(3236, 6301)
(3244, 6301)
(3247, 6301)
(3255, 6301)
(3256, 6301)
(3257, 6301)
(3258, 6301)
(3259, 6301)
(3260, 6301)
(3266, 6301)
(3269, 6301)
(3270, 6301)
(3273, 6301)
(3276, 6301)
(3281, 6301)
(3284, 6301)
(3285, 6301)
(3295, 6301)
(3296, 6301)
(3304, 6301)
(3305, 6301)
(3309, 6301)
(3310, 6301)
(3311, 6301)
(3312, 6301)
(3315, 6301)
(3321, 6301)
(3323, 6301)
(3326, 6301)
(3327, 6301)
(3333, 6301)
(3337, 6301)
(3338, 6301)
(3341, 6301)
(3344, 6301)
(3346, 6301)
(3348, 6301)
(3350, 6301)
(3355, 6301)
(3356, 6301)
(3358, 6301)
(3360, 6301)
(3363, 6301)
(3364, 6301)
(3369, 6301)
(3371, 6301)
(3373, 6301)
(3374, 6301)
(3378, 6301)
(3380, 6301)
(3382, 6301)
(3383, 6301)
(3390, 6301)
(3393, 6301)
(3394, 6301)
(3403, 6301)
(3405, 6301)
(3406, 6301)
(3407, 6301)
(3408, 6301)
(3409, 6301)
(3411, 6301)
(3412, 6301)
(3415, 6301)
(3417, 6301)
(3428, 6301)
(3429, 6301)
(3430, 6301)
(3431, 6301)
(3433, 6301)
(3441, 6301)
(3448, 6301)
(3451, 6301)
(3452, 6301)
(3459, 6301)
(3462, 6301)
(3463, 6301)
(3465, 6301)
(3466, 6301)
(3468, 6301)
(3469, 6301)
(3470, 6301)
(3471, 6301)
(3475, 6301)
(3479, 6301)
(3480, 6301)
(3484, 6301)
(3490, 6301)
(3495, 6301)
(3496, 6301)
(3500, 6301)
(3503, 6301)
(3507, 6301)
(3514, 6301)
(3515, 6301)
(3521, 6301)
(3522, 6301)
(3524, 6301)
(3526, 6301)
(3528, 6301)
(3529, 6301)
(3531, 6301)
(3535, 6301)
(3536, 6301)
(3537, 6301)
(3539, 6301)
(3542, 6301)
(3544, 6301)
(3549, 6301)
(3550, 6301)
(3551, 6301)
(3552, 6301)
(3553, 6301)
(3555, 6301)
(3557, 6301)
(3558, 6301)
(3560, 6301)
(3564, 6301)
(3566, 6301)
(3568, 6301)
(3571, 6301)
(3573, 6301)
(3575, 6301)
(3577, 6301)
(3579, 6301)
(3587, 6301)
(3588, 6301)
(3594, 6301)
(3599, 6301)
(3605, 6301)
(3607, 6301)
(3613, 6301)
(3615, 6301)
(3616, 6301)
(3621, 6301)
(3626, 6301)
(3627, 6301)
(3628, 6301)
(3634, 6301)
(3635, 6301)
(3654, 6301)
(3658, 6301)
(3660, 6301)
(3670, 6301)
(3673, 6301)
(3676, 6301)
(3690, 6301)
(3693, 6301)
(3699, 6301)
(3700, 6301)
(3703, 6301)
(3705, 6301)
(3715, 6301)
(3716, 6301)
(3719, 6301)
(3726, 6301)
(3728, 6301)
(3732, 6301)
(3733, 6301)
(3734, 6301)
(3738, 6301)
(3742, 6301)
(3744, 6301)
(3747, 6301)
(3757, 6301)
(3759, 6301)
(3767, 6301)
(3771, 6301)
(3776, 6301)
(3781, 6301)
(3790, 6301)
(3791, 6301)
(3796, 6301)
(3797, 6301)
(3798, 6301)
(3801, 6301)
(3802, 6301)
(3805, 6301)
(3810, 6301)
(3813, 6301)
(3815, 6301)
(3817, 6301)
(3818, 6301)
(3820, 6301)
(3822, 6301)
(3823, 6301)
(3824, 6301)
(3831, 6301)
(3833, 6301)
(3838, 6301)
(3843, 6301)
(3844, 6301)
(3846, 6301)
(3849, 6301)
(3850, 6301)
(3856, 6301)
(3858, 6301)
(3859, 6301)
(3863, 6301)
(3865, 6301)
(3866, 6301)
(3867, 6301)
(3877, 6301)
(3881, 6301)
(3883, 6301)
(3885, 6301)
(3886, 6301)
(3887, 6301)
(3890, 6301)
(3893, 6301)
(3897, 6301)
(3900, 6301)
(3903, 6301)
(3904, 6301)
(3910, 6301)
(3912, 6301)
(3913, 6301)
(3919, 6301)
(3920, 6301)
(3921, 6301)
(3922, 6301)
(3926, 6301)
(3929, 6301)
(3930, 6301)
(3933, 6301)
(3934, 6301)
(3937, 6301)
(3943, 6301)
(3945, 6301)
(3946, 6301)
(3948, 6301)
(3956, 6301)
(3962, 6301)
(3963, 6301)
(3966, 6301)
(3967, 6301)
(3976, 6301)
(3979, 6301)
(3981, 6301)
(3982, 6301)
(3985, 6301)
(3986, 6301)
(3988, 6301)
(3989, 6301)
(3991, 6301)
(3997, 6301)
(3998, 6301)
(4000, 6301)
(4002, 6301)
(4003, 6301)
(4004, 6301)
(4005, 6301)
(4008, 6301)
(4010, 6301)
(4012, 6301)
(4016, 6301)
(4021, 6301)
(4032, 6301)
(4033, 6301)
(4036, 6301)
(4041, 6301)
(4043, 6301)
(4051, 6301)
(4057, 6301)
(4058, 6301)
(4060, 6301)
(4062, 6301)
(4068, 6301)
(4070, 6301)
(4073, 6301)
(4076, 6301)
(4078, 6301)
(4081, 6301)
(4093, 6301)
(4095, 6301)
(4096, 6301)
(4098, 6301)
(4103, 6301)
(4107, 6301)
(4109, 6301)
(4111, 6301)
(4112, 6301)
(4113, 6301)
(4114, 6301)
(4121, 6301)
(4122, 6301)
(4124, 6301)
(4137, 6301)
(4139, 6301)
(4140, 6301)
(4146, 6301)
(4152, 6301)
(4154, 6301)
(4157, 6301)
(4158, 6301)
(4159, 6301)
(4160, 6301)
(4164, 6301)
(4167, 6301)
(4174, 6301)
(4176, 6301)
(4179, 6301)
(4180, 6301)
(4183, 6301)
(4187, 6301)
(4189, 6301)
(4191, 6301)
(4193, 6301)
(4194, 6301)
(4196, 6301)
(4197, 6301)
(4198, 6301)
(4200, 6301)
(4203, 6301)
(4204, 6301)
(4206, 6301)
(4207, 6301)
(4208, 6301)
(4211, 6301)
(4213, 6301)
(4215, 6301)
(4216, 6301)
(4217, 6301)
(4220, 6301)
(4222, 6301)
(4227, 6301)
(4228, 6301)
(4230, 6301)
(4232, 6301)
(4234, 6301)
(4235, 6301)
(4239, 6301)
(4242, 6301)
(4244, 6301)
(4245, 6301)
(4246, 6301)
(4252, 6301)
(4255, 6301)
(4257, 6301)
(4260, 6301)
(4263, 6301)
(4274, 6301)
(4275, 6301)
(4276, 6301)
(4277, 6301)
(4279, 6301)
(4280, 6301)
(4282, 6301)
(4285, 6301)
(4292, 6301)
(4293, 6301)
(4295, 6301)
(4297, 6301)
(4298, 6301)
(4300, 6301)
(4301, 6301)
(4303, 6301)
(4306, 6301)
(4308, 6301)
(4312, 6301)
(4319, 6301)
(4324, 6301)
(4330, 6301)
(4332, 6301)
(4334, 6301)
(4337, 6301)
(4338, 6301)
(4340, 6301)
(4343, 6301)
(4344, 6301)
(4353, 6301)
(4355, 6301)
(4356, 6301)
(4358, 6301)
(4359, 6301)
(4360, 6301)
(4362, 6301)
(4369, 6301)
(4378, 6301)
(4381, 6301)
(4382, 6301)
(4388, 6301)
(4389, 6301)
(4390, 6301)
(4399, 6301)
(4400, 6301)
(4402, 6301)
(4403, 6301)
(4405, 6301)
(4407, 6301)
(4416, 6301)
(4417, 6301)
(4419, 6301)
(4420, 6301)
(4421, 6301)
(4423, 6301)
(4424, 6301)
(4428, 6301)
(4431, 6301)
(4432, 6301)
(4433, 6301)
(4434, 6301)
(4438, 6301)
(4441, 6301)
(4442, 6301)
(4443, 6301)
(4444, 6301)
(4445, 6301)
(4446, 6301)
(4447, 6301)
(4449, 6301)
(4452, 6301)
(4456, 6301)
(4459, 6301)
(4463, 6301)
(4465, 6301)
(4467, 6301)
(4469, 6301)
(4470, 6301)
(4472, 6301)
(4478, 6301)
(4479, 6301)
(4482, 6301)
(4487, 6301)
(4489, 6301)
(4490, 6301)
(4492, 6301)
(4502, 6301)
(4508, 6301)
(4510, 6301)
(4513, 6301)
(4516, 6301)
(4532, 6301)
(4533, 6301)
(4536, 6301)
(4539, 6301)
(4541, 6301)
(4551, 6301)
(4552, 6301)
(4553, 6301)
(4557, 6301)
(4566, 6301)
(4567, 6301)
(4568, 6301)
(4569, 6301)
(4574, 6301)
(4577, 6301)
(4583, 6301)
(4585, 6301)
(4587, 6301)
(4593, 6301)
(4596, 6301)
(4598, 6301)
(4606, 6301)
(4617, 6301)
(4619, 6301)
(4628, 6301)
(4629, 6301)
(4633, 6301)
(4636, 6301)
(4638, 6301)
(4639, 6301)
(4643, 6301)
(4650, 6301)
(4654, 6301)
(4658, 6301)
(4662, 6301)
(4664, 6301)
(4665, 6301)
(4666, 6301)
(4667, 6301)
(4669, 6301)
(4676, 6301)
(4684, 6301)
(4686, 6301)
(4689, 6301)
(4692, 6301)
(4693, 6301)
(4694, 6301)
(4695, 6301)
(4705, 6301)
(4720, 6301)
(4721, 6301)
(4723, 6301)
(4724, 6301)
(4725, 6301)
(4726, 6301)
(4728, 6301)
(4729, 6301)
(4730, 6301)
(4731, 6301)
(4732, 6301)
(4733, 6301)
(4734, 6301)
(4735, 6301)
(4738, 6301)
(4739, 6301)
(4740, 6301)
(4741, 6301)
(4746, 6301)
(4748, 6301)
(4751, 6301)
(4752, 6301)
(4754, 6301)
(4755, 6301)
(4758, 6301)
(4761, 6301)
(4766, 6301)
(4768, 6301)
(4769, 6301)
(4771, 6301)
(4778, 6301)
(4781, 6301)
(4782, 6301)
(4783, 6301)
(4784, 6301)
(4788, 6301)
(4790, 6301)
(4792, 6301)
(4793, 6301)
(4798, 6301)
(4799, 6301)
(4800, 6301)
(4803, 6301)
(4805, 6301)
(4810, 6301)
(4811, 6301)
(4813, 6301)
(4815, 6301)
(4822, 6301)
(4825, 6301)
(4826, 6301)
(4833, 6301)
(4839, 6301)
(4842, 6301)
(4846, 6301)
(4847, 6301)
(4852, 6301)
(4856, 6301)
(4857, 6301)
(4864, 6301)
(4867, 6301)
(4874, 6301)
(4875, 6301)
(4880, 6301)
(4890, 6301)
(4891, 6301)
(4892, 6301)
(4896, 6301)
(4900, 6301)
(4902, 6301)
(4903, 6301)
(4908, 6301)
(4914, 6301)
(4932, 6301)
(4935, 6301)
(4937, 6301)
(4940, 6301)
(4944, 6301)
(4949, 6301)
(4951, 6301)
(4967, 6301)
(4973, 6301)
(4986, 6301)
(4988, 6301)
(4995, 6301)
(4999, 6301)
(5003, 6301)
(5007, 6301)
(5008, 6301)
(5012, 6301)
(5014, 6301)
(5016, 6301)
(5026, 6301)
(5028, 6301)
(5029, 6301)
(5030, 6301)
(5035, 6301)
(5040, 6301)
(5044, 6301)
(5045, 6301)
(5052, 6301)
(5053, 6301)
(5058, 6301)
(5063, 6301)
(5065, 6301)
(5066, 6301)
(5067, 6301)
(5069, 6301)
(5073, 6301)
(5074, 6301)
(5075, 6301)
(5078, 6301)
(5082, 6301)
(5083, 6301)
(5089, 6301)
(5090, 6301)
(5096, 6301)
(5102, 6301)
(5104, 6301)
(5106, 6301)
(5110, 6301)
(5113, 6301)
(5129, 6301)
(5131, 6301)
(5135, 6301)
(5137, 6301)
(5147, 6301)
(5149, 6301)
(5151, 6301)
(5152, 6301)
(5154, 6301)
(5158, 6301)
(5160, 6301)
(5163, 6301)
(5167, 6301)
(5168, 6301)
(5171, 6301)
(5175, 6301)
(5177, 6301)
(5183, 6301)
(5187, 6301)
(5191, 6301)
(5195, 6301)
(5196, 6301)
(5197, 6301)
(5200, 6301)
(5201, 6301)
(5202, 6301)
(5206, 6301)
(5207, 6301)
(5211, 6301)
(5213, 6301)
(5214, 6301)
(5220, 6301)
(5221, 6301)
(5224, 6301)
(5226, 6301)
(5227, 6301)
(5228, 6301)
(5236, 6301)
(5238, 6301)
(5241, 6301)
(5245, 6301)
(5251, 6301)
(5253, 6301)
(5254, 6301)
(5255, 6301)
(5257, 6301)
(5263, 6301)
(5267, 6301)
(5270, 6301)
(5272, 6301)
(5273, 6301)
(5276, 6301)
(5277, 6301)
(5279, 6301)
(5281, 6301)
(5285, 6301)
(5294, 6301)
(5296, 6301)
(5304, 6301)
(5306, 6301)
(5315, 6301)
(5318, 6301)
(5321, 6301)
(5326, 6301)
(5332, 6301)
(5338, 6301)
(5339, 6301)
(5343, 6301)
(5347, 6301)
(5352, 6301)
(5356, 6301)
(5359, 6301)
(5361, 6301)
(5366, 6301)
(5373, 6301)
(5378, 6301)
(5385, 6301)
(5386, 6301)
(5389, 6301)
(5404, 6301)
(5406, 6301)
(5410, 6301)
(5413, 6301)
(5414, 6301)
(5417, 6301)
(5418, 6301)
(5421, 6301)
(5423, 6301)
(5425, 6301)
(5429, 6301)
(5432, 6301)
(5440, 6301)
(5443, 6301)
(5452, 6301)
(5457, 6301)
(5458, 6301)
(5459, 6301)
(5464, 6301)
(5472, 6301)
(5478, 6301)
(5479, 6301)
(5486, 6301)
(5492, 6301)
(5495, 6301)
(5497, 6301)
(5498, 6301)
(5499, 6301)
(5504, 6301)
(5508, 6301)
(5510, 6301)
(5515, 6301)
(5528, 6301)
(5529, 6301)
(5531, 6301)
(5532, 6301)
(5535, 6301)
(5542, 6301)
(5543, 6301)
(5545, 6301)
(5548, 6301)
(5552, 6301)
(5565, 6301)
(5572, 6301)
(5578, 6301)
(5580, 6301)
(5585, 6301)
(5589, 6301)
(5590, 6301)
(5597, 6301)
(5602, 6301)
(5603, 6301)
(5608, 6301)
(5613, 6301)
(5615, 6301)
(5616, 6301)
(5618, 6301)
(5619, 6301)
(5623, 6301)
(5625, 6301)
(5626, 6301)
(5629, 6301)
(5630, 6301)
(5644, 6301)
(5645, 6301)
(5650, 6301)
(5651, 6301)
(5653, 6301)
(5654, 6301)
(5657, 6301)
(5670, 6301)
(5675, 6301)
(5677, 6301)
(5680, 6301)
(5682, 6301)
(5695, 6301)
(5701, 6301)
(5707, 6301)
(5716, 6301)
(5720, 6301)
(5724, 6301)
(5726, 6301)
(5727, 6301)
(5729, 6301)
(5735, 6301)
(5742, 6301)
(5750, 6301)
(5751, 6301)
(5753, 6301)
(5754, 6301)
(5759, 6301)
(5761, 6301)
(5763, 6301)
(5775, 6301)
(5783, 6301)
(5785, 6301)
(5788, 6301)
(5792, 6301)
(5793, 6301)
(5794, 6301)
(5804, 6301)
(5809, 6301)
(5811, 6301)
(5819, 6301)
(5820, 6301)
(5821, 6301)
(5824, 6301)
(5827, 6301)
(5828, 6301)
(5829, 6301)
(5830, 6301)
(5831, 6301)
(5834, 6301)
(5854, 6301)
(5855, 6301)
(5881, 6301)
(5882, 6301)
(5886, 6301)
(5887, 6301)
(5890, 6301)
(5892, 6301)
(5893, 6301)
(5895, 6301)
(5897, 6301)
(5899, 6301)
(5901, 6301)
(5905, 6301)
(5907, 6301)
(5909, 6301)
(5915, 6301)
(5921, 6301)
(5924, 6301)
(5925, 6301)
(5928, 6301)
(5931, 6301)
(5936, 6301)
(5939, 6301)
(5941, 6301)
(5944, 6301)
(5950, 6301)
(5951, 6301)
(5952, 6301)
(5956, 6301)
(5957, 6301)
(5960, 6301)
(5961, 6301)
(5962, 6301)
(5965, 6301)
(5970, 6301)
(5976, 6301)
(5977, 6301)
(5978, 6301)
(5980, 6301)
(5981, 6301)
(5982, 6301)
(5987, 6301)
(5988, 6301)
(5990, 6301)
(5994, 6301)
(5995, 6301)
(6004, 6301)
(6006, 6301)
(6012, 6301)
(6015, 6301)
(6016, 6301)
(6023, 6301)
(6036, 6301)
(6038, 6301)
(6039, 6301)
(6045, 6301)
(6046, 6301)
(6047, 6301)
(6049, 6301)
(6050, 6301)
(6060, 6301)
(6062, 6301)
(6063, 6301)
(6066, 6301)
(6067, 6301)
(6069, 6301)
(6070, 6301)
(6071, 6301)
(6077, 6301)
(6078, 6301)
(6079, 6301)
(6081, 6301)
(6088, 6301)
(6092, 6301)
(6093, 6301)
(6094, 6301)
(6095, 6301)
(6096, 6301)
(6099, 6301)
(6102, 6301)
(6108, 6301)
(6110, 6301)
(6111, 6301)
(6114, 6301)
(6123, 6301)
(6124, 6301)
(6125, 6301)
(6132, 6301)
(6138, 6301)
(6139, 6301)
(6141, 6301)
(6152, 6301)
(6165, 6301)
(6169, 6301)
(6170, 6301)
(6171, 6301)
(6174, 6301)
(6175, 6301)
(6180, 6301)
(6181, 6301)
(6186, 6301)
(6191, 6301)
(6193, 6301)
(6196, 6301)
(6229, 6301)
(6234, 6301)
(6239, 6301)
(6241, 6301)
(6244, 6301)
(6245, 6301)
(6249, 6301)
(6251, 6301)
(6252, 6301)
(6258, 6301)
(6262, 6301)
(6264, 6301)
(6266, 6301)
(6269, 6301)
(6273, 6301)
(6276, 6301)
(6277, 6301)
(6279, 6301)
(6288, 6301)
(6293, 6301)
(6296, 6301)
(1, 6302)
(6, 6302)
(2, 6303)
(10, 6303)
(12, 6303)
(16, 6303)
(18, 6303)
(19, 6303)
(23, 6303)
(34, 6303)
(35, 6303)
(37, 6303)
(40, 6303)
(41, 6303)
(42, 6303)
(48, 6303)
(51, 6303)
(53, 6303)
(54, 6303)
(58, 6303)
(59, 6303)
(69, 6303)
(71, 6303)
(79, 6303)
(82, 6303)
(84, 6303)
(85, 6303)
(88, 6303)
(90, 6303)
(93, 6303)
(94, 6303)
(95, 6303)
(97, 6303)
(99, 6303)
(103, 6303)
(106, 6303)
(107, 6303)
(115, 6303)
(117, 6303)
(118, 6303)
(119, 6303)
(121, 6303)
(128, 6303)
(134, 6303)
(140, 6303)
(142, 6303)
(150, 6303)
(153, 6303)
(154, 6303)
(156, 6303)
(157, 6303)
(159, 6303)
(161, 6303)
(163, 6303)
(166, 6303)
(168, 6303)
(170, 6303)
(171, 6303)
(202, 6303)
(204, 6303)
(205, 6303)
(206, 6303)
(207, 6303)
(210, 6303)
(212, 6303)
(213, 6303)
(214, 6303)
(215, 6303)
(216, 6303)
(217, 6303)
(220, 6303)
(221, 6303)
(222, 6303)
(223, 6303)
(224, 6303)
(227, 6303)
(230, 6303)
(231, 6303)
(233, 6303)
(234, 6303)
(235, 6303)
(246, 6303)
(254, 6303)
(256, 6303)
(258, 6303)
(259, 6303)
(261, 6303)
(262, 6303)
(265, 6303)
(266, 6303)
(268, 6303)
(269, 6303)
(271, 6303)
(272, 6303)
(273, 6303)
(274, 6303)
(275, 6303)
(277, 6303)
(278, 6303)
(281, 6303)
(282, 6303)
(286, 6303)
(287, 6303)
(290, 6303)
(291, 6303)
(292, 6303)
(293, 6303)
(294, 6303)
(296, 6303)
(297, 6303)
(301, 6303)
(304, 6303)
(306, 6303)
(308, 6303)
(309, 6303)
(312, 6303)
(313, 6303)
(315, 6303)
(318, 6303)
(323, 6303)
(328, 6303)
(329, 6303)
(330, 6303)
(332, 6303)
(333, 6303)
(336, 6303)
(337, 6303)
(338, 6303)
(342, 6303)
(347, 6303)
(354, 6303)
(357, 6303)
(358, 6303)
(361, 6303)
(362, 6303)
(365, 6303)
(368, 6303)
(373, 6303)
(374, 6303)
(375, 6303)
(383, 6303)
(384, 6303)
(388, 6303)
(393, 6303)
(394, 6303)
(395, 6303)
(396, 6303)
(397, 6303)
(400, 6303)
(402, 6303)
(404, 6303)
(414, 6303)
(419, 6303)
(420, 6303)
(426, 6303)
(429, 6303)
(436, 6303)
(446, 6303)
(451, 6303)
(454, 6303)
(456, 6303)
(457, 6303)
(459, 6303)
(460, 6303)
(461, 6303)
(463, 6303)
(464, 6303)
(465, 6303)
(467, 6303)
(468, 6303)
(470, 6303)
(471, 6303)
(474, 6303)
(476, 6303)
(477, 6303)
(482, 6303)
(486, 6303)
(487, 6303)
(488, 6303)
(492, 6303)
(493, 6303)
(495, 6303)
(497, 6303)
(498, 6303)
(501, 6303)
(502, 6303)
(503, 6303)
(506, 6303)
(510, 6303)
(511, 6303)
(513, 6303)
(515, 6303)
(520, 6303)
(523, 6303)
(524, 6303)
(529, 6303)
(530, 6303)
(535, 6303)
(538, 6303)
(540, 6303)
(549, 6303)
(555, 6303)
(556, 6303)
(578, 6303)
(583, 6303)
(587, 6303)
(600, 6303)
(601, 6303)
(602, 6303)
(603, 6303)
(609, 6303)
(615, 6303)
(616, 6303)
(618, 6303)
(619, 6303)
(621, 6303)
(622, 6303)
(623, 6303)
(624, 6303)
(625, 6303)
(627, 6303)
(630, 6303)
(632, 6303)
(633, 6303)
(638, 6303)
(640, 6303)
(642, 6303)
(643, 6303)
(649, 6303)
(650, 6303)
(651, 6303)
(657, 6303)
(661, 6303)
(662, 6303)
(663, 6303)
(666, 6303)
(681, 6303)
(687, 6303)
(688, 6303)
(690, 6303)
(691, 6303)
(692, 6303)
(696, 6303)
(698, 6303)
(702, 6303)
(708, 6303)
(712, 6303)
(713, 6303)
(714, 6303)
(721, 6303)
(729, 6303)
(733, 6303)
(735, 6303)
(738, 6303)
(743, 6303)
(745, 6303)
(746, 6303)
(748, 6303)
(749, 6303)
(754, 6303)
(755, 6303)
(758, 6303)
(761, 6303)
(763, 6303)
(765, 6303)
(768, 6303)
(770, 6303)
(772, 6303)
(774, 6303)
(778, 6303)
(779, 6303)
(780, 6303)
(781, 6303)
(782, 6303)
(783, 6303)
(784, 6303)
(785, 6303)
(790, 6303)
(791, 6303)
(792, 6303)
(793, 6303)
(794, 6303)
(795, 6303)
(796, 6303)
(798, 6303)
(799, 6303)
(800, 6303)
(802, 6303)
(803, 6303)
(806, 6303)
(807, 6303)
(808, 6303)
(810, 6303)
(812, 6303)
(814, 6303)
(815, 6303)
(818, 6303)
(819, 6303)
(822, 6303)
(824, 6303)
(826, 6303)
(827, 6303)
(829, 6303)
(831, 6303)
(832, 6303)
(833, 6303)
(834, 6303)
(835, 6303)
(838, 6303)
(839, 6303)
(841, 6303)
(842, 6303)
(843, 6303)
(844, 6303)
(847, 6303)
(849, 6303)
(853, 6303)
(854, 6303)
(857, 6303)
(860, 6303)
(861, 6303)
(862, 6303)
(865, 6303)
(870, 6303)
(871, 6303)
(872, 6303)
(875, 6303)
(877, 6303)
(879, 6303)
(880, 6303)
(883, 6303)
(888, 6303)
(890, 6303)
(891, 6303)
(893, 6303)
(897, 6303)
(900, 6303)
(901, 6303)
(911, 6303)
(912, 6303)
(913, 6303)
(915, 6303)
(916, 6303)
(917, 6303)
(920, 6303)
(925, 6303)
(927, 6303)
(931, 6303)
(932, 6303)
(933, 6303)
(935, 6303)
(939, 6303)
(943, 6303)
(944, 6303)
(946, 6303)
(947, 6303)
(951, 6303)
(953, 6303)
(954, 6303)
(957, 6303)
(959, 6303)
(960, 6303)
(970, 6303)
(971, 6303)
(973, 6303)
(974, 6303)
(980, 6303)
(983, 6303)
(985, 6303)
(987, 6303)
(991, 6303)
(993, 6303)
(1003, 6303)
(1006, 6303)
(1007, 6303)
(1012, 6303)
(1014, 6303)
(1016, 6303)
(1017, 6303)
(1018, 6303)
(1021, 6303)
(1024, 6303)
(1031, 6303)
(1032, 6303)
(1034, 6303)
(1035, 6303)
(1037, 6303)
(1038, 6303)
(1042, 6303)
(1044, 6303)
(1045, 6303)
(1047, 6303)
(1049, 6303)
(1052, 6303)
(1053, 6303)
(1054, 6303)
(1058, 6303)
(1060, 6303)
(1061, 6303)
(1062, 6303)
(1064, 6303)
(1065, 6303)
(1066, 6303)
(1069, 6303)
(1072, 6303)
(1073, 6303)
(1074, 6303)
(1076, 6303)
(1078, 6303)
(1079, 6303)
(1085, 6303)
(1088, 6303)
(1092, 6303)
(1093, 6303)
(1095, 6303)
(1096, 6303)
(1097, 6303)
(1109, 6303)
(1114, 6303)
(1115, 6303)
(1116, 6303)
(1120, 6303)
(1122, 6303)
(1123, 6303)
(1125, 6303)
(1127, 6303)
(1128, 6303)
(1131, 6303)
(1140, 6303)
(1142, 6303)
(1145, 6303)
(1147, 6303)
(1148, 6303)
(1149, 6303)
(1150, 6303)
(1151, 6303)
(1152, 6303)
(1153, 6303)
(1156, 6303)
(1159, 6303)
(1160, 6303)
(1164, 6303)
(1166, 6303)
(1169, 6303)
(1170, 6303)
(1175, 6303)
(1177, 6303)
(1178, 6303)
(1179, 6303)
(1180, 6303)
(1194, 6303)
(1195, 6303)
(1196, 6303)
(1197, 6303)
(1203, 6303)
(1208, 6303)
(1210, 6303)
(1213, 6303)
(1214, 6303)
(1215, 6303)
(1220, 6303)
(1221, 6303)
(1224, 6303)
(1231, 6303)
(1236, 6303)
(1239, 6303)
(1246, 6303)
(1249, 6303)
(1252, 6303)
(1257, 6303)
(1261, 6303)
(1262, 6303)
(1264, 6303)
(1268, 6303)
(1269, 6303)
(1270, 6303)
(1271, 6303)
(1272, 6303)
(1274, 6303)
(1277, 6303)
(1282, 6303)
(1283, 6303)
(1285, 6303)
(1299, 6303)
(1300, 6303)
(1302, 6303)
(1303, 6303)
(1304, 6303)
(1306, 6303)
(1311, 6303)
(1316, 6303)
(1320, 6303)
(1321, 6303)
(1322, 6303)
(1324, 6303)
(1334, 6303)
(1340, 6303)
(1345, 6303)
(1348, 6303)
(1349, 6303)
(1350, 6303)
(1351, 6303)
(1353, 6303)
(1355, 6303)
(1357, 6303)
(1358, 6303)
(1363, 6303)
(1364, 6303)
(1368, 6303)
(1371, 6303)
(1372, 6303)
(1373, 6303)
(1375, 6303)
(1378, 6303)
(1381, 6303)
(1384, 6303)
(1386, 6303)
(1391, 6303)
(1392, 6303)
(1395, 6303)
(1407, 6303)
(1408, 6303)
(1416, 6303)
(1418, 6303)
(1421, 6303)
(1422, 6303)
(1423, 6303)
(1428, 6303)
(1432, 6303)
(1435, 6303)
(1436, 6303)
(1437, 6303)
(1439, 6303)
(1451, 6303)
(1456, 6303)
(1457, 6303)
(1471, 6303)
(1475, 6303)
(1480, 6303)
(1482, 6303)
(1486, 6303)
(1488, 6303)
(1489, 6303)
(1490, 6303)
(1491, 6303)
(1498, 6303)
(1500, 6303)
(1503, 6303)
(1517, 6303)
(1524, 6303)
(1526, 6303)
(1530, 6303)
(1532, 6303)
(1542, 6303)
(1543, 6303)
(1551, 6303)
(1552, 6303)
(1553, 6303)
(1554, 6303)
(1555, 6303)
(1558, 6303)
(1560, 6303)
(1563, 6303)
(1565, 6303)
(1571, 6303)
(1574, 6303)
(1576, 6303)
(1581, 6303)
(1583, 6303)
(1588, 6303)
(1591, 6303)
(1592, 6303)
(1593, 6303)
(1597, 6303)
(1598, 6303)
(1599, 6303)
(1604, 6303)
(1606, 6303)
(1607, 6303)
(1609, 6303)
(1611, 6303)
(1613, 6303)
(1614, 6303)
(1617, 6303)
(1618, 6303)
(1619, 6303)
(1621, 6303)
(1622, 6303)
(1623, 6303)
(1624, 6303)
(1628, 6303)
(1629, 6303)
(1630, 6303)
(1631, 6303)
(1634, 6303)
(1635, 6303)
(1639, 6303)
(1640, 6303)
(1642, 6303)
(1643, 6303)
(1646, 6303)
(1655, 6303)
(1661, 6303)
(1664, 6303)
(1667, 6303)
(1671, 6303)
(1677, 6303)
(1679, 6303)
(1682, 6303)
(1686, 6303)
(1688, 6303)
(1689, 6303)
(1690, 6303)
(1695, 6303)
(1697, 6303)
(1702, 6303)
(1705, 6303)
(1708, 6303)
(1715, 6303)
(1716, 6303)
(1718, 6303)
(1719, 6303)
(1725, 6303)
(1726, 6303)
(1727, 6303)
(1730, 6303)
(1736, 6303)
(1738, 6303)
(1741, 6303)
(1744, 6303)
(1747, 6303)
(1754, 6303)
(1755, 6303)
(1756, 6303)
(1757, 6303)
(1760, 6303)
(1761, 6303)
(1762, 6303)
(1763, 6303)
(1764, 6303)
(1768, 6303)
(1769, 6303)
(1771, 6303)
(1773, 6303)
(1774, 6303)
(1775, 6303)
(1776, 6303)
(1777, 6303)
(1778, 6303)
(1781, 6303)
(1783, 6303)
(1788, 6303)
(1789, 6303)
(1790, 6303)
(1791, 6303)
(1795, 6303)
(1796, 6303)
(1801, 6303)
(1802, 6303)
(1803, 6303)
(1804, 6303)
(1807, 6303)
(1808, 6303)
(1809, 6303)
(1810, 6303)
(1817, 6303)
(1822, 6303)
(1823, 6303)
(1824, 6303)
(1825, 6303)
(1826, 6303)
(1828, 6303)
(1830, 6303)
(1833, 6303)
(1838, 6303)
(1841, 6303)
(1846, 6303)
(1849, 6303)
(1852, 6303)
(1863, 6303)
(1865, 6303)
(1873, 6303)
(1874, 6303)
(1875, 6303)
(1878, 6303)
(1886, 6303)
(1887, 6303)
(1892, 6303)
(1897, 6303)
(1898, 6303)
(1899, 6303)
(1902, 6303)
(1905, 6303)
(1906, 6303)
(1908, 6303)
(1909, 6303)
(1911, 6303)
(1912, 6303)
(1913, 6303)
(1914, 6303)
(1916, 6303)
(1918, 6303)
(1919, 6303)
(1921, 6303)
(1925, 6303)
(1927, 6303)
(1928, 6303)
(1931, 6303)
(1933, 6303)
(1935, 6303)
(1936, 6303)
(1937, 6303)
(1938, 6303)
(1944, 6303)
(1949, 6303)
(1952, 6303)
(1953, 6303)
(1954, 6303)
(1955, 6303)
(1959, 6303)
(1960, 6303)
(1962, 6303)
(1963, 6303)
(1964, 6303)
(1965, 6303)
(1966, 6303)
(1967, 6303)
(1970, 6303)
(1975, 6303)
(1976, 6303)
(1977, 6303)
(1978, 6303)
(1979, 6303)
(1985, 6303)
(1990, 6303)
(1991, 6303)
(1993, 6303)
(2000, 6303)
(2004, 6303)
(2005, 6303)
(2006, 6303)
(2008, 6303)
(2009, 6303)
(2011, 6303)
(2012, 6303)
(2013, 6303)
(2019, 6303)
(2021, 6303)
(2027, 6303)
(2028, 6303)
(2029, 6303)
(2030, 6303)
(2033, 6303)
(2034, 6303)
(2035, 6303)
(2036, 6303)
(2040, 6303)
(2041, 6303)
(2044, 6303)
(2045, 6303)
(2051, 6303)
(2054, 6303)
(2057, 6303)
(2058, 6303)
(2062, 6303)
(2063, 6303)
(2064, 6303)
(2067, 6303)
(2071, 6303)
(2072, 6303)
(2073, 6303)
(2076, 6303)
(2077, 6303)
(2081, 6303)
(2082, 6303)
(2083, 6303)
(2085, 6303)
(2090, 6303)
(2097, 6303)
(2098, 6303)
(2099, 6303)
(2100, 6303)
(2101, 6303)
(2104, 6303)
(2105, 6303)
(2106, 6303)
(2107, 6303)
(2108, 6303)
(2109, 6303)
(2110, 6303)
(2111, 6303)
(2113, 6303)
(2117, 6303)
(2118, 6303)
(2119, 6303)
(2120, 6303)
(2121, 6303)
(2122, 6303)
(2123, 6303)
(2124, 6303)
(2125, 6303)
(2126, 6303)
(2127, 6303)
(2128, 6303)
(2130, 6303)
(2132, 6303)
(2142, 6303)
(2144, 6303)
(2147, 6303)
(2149, 6303)
(2150, 6303)
(2151, 6303)
(2152, 6303)
(2154, 6303)
(2155, 6303)
(2159, 6303)
(2160, 6303)
(2161, 6303)
(2162, 6303)
(2165, 6303)
(2166, 6303)
(2175, 6303)
(2177, 6303)
(2179, 6303)
(2180, 6303)
(2182, 6303)
(2183, 6303)
(2185, 6303)
(2191, 6303)
(2192, 6303)
(2194, 6303)
(2196, 6303)
(2197, 6303)
(2203, 6303)
(2204, 6303)
(2206, 6303)
(2207, 6303)
(2208, 6303)
(2209, 6303)
(2210, 6303)
(2211, 6303)
(2212, 6303)
(2213, 6303)
(2214, 6303)
(2215, 6303)
(2216, 6303)
(2219, 6303)
(2220, 6303)
(2227, 6303)
(2229, 6303)
(2230, 6303)
(2233, 6303)
(2234, 6303)
(2238, 6303)
(2239, 6303)
(2240, 6303)
(2242, 6303)
(2246, 6303)
(2247, 6303)
(2249, 6303)
(2250, 6303)
(2251, 6303)
(2255, 6303)
(2256, 6303)
(2257, 6303)
(2258, 6303)
(2263, 6303)
(2266, 6303)
(2268, 6303)
(2270, 6303)
(2271, 6303)
(2272, 6303)
(2273, 6303)
(2274, 6303)
(2276, 6303)
(2277, 6303)
(2280, 6303)
(2282, 6303)
(2283, 6303)
(2287, 6303)
(2289, 6303)
(2291, 6303)
(2294, 6303)
(2297, 6303)
(2298, 6303)
(2301, 6303)
(2302, 6303)
(2303, 6303)
(2305, 6303)
(2306, 6303)
(2307, 6303)
(2308, 6303)
(2310, 6303)
(2311, 6303)
(2316, 6303)
(2317, 6303)
(2319, 6303)
(2320, 6303)
(2321, 6303)
(2323, 6303)
(2327, 6303)
(2328, 6303)
(2330, 6303)
(2335, 6303)
(2339, 6303)
(2340, 6303)
(2341, 6303)
(2342, 6303)
(2346, 6303)
(2349, 6303)
(2353, 6303)
(2354, 6303)
(2355, 6303)
(2357, 6303)
(2359, 6303)
(2363, 6303)
(2378, 6303)
(2379, 6303)
(2380, 6303)
(2382, 6303)
(2385, 6303)
(2386, 6303)
(2387, 6303)
(2389, 6303)
(2390, 6303)
(2395, 6303)
(2397, 6303)
(2400, 6303)
(2401, 6303)
(2402, 6303)
(2403, 6303)
(2404, 6303)
(2405, 6303)
(2406, 6303)
(2408, 6303)
(2409, 6303)
(2410, 6303)
(2412, 6303)
(2413, 6303)
(2415, 6303)
(2416, 6303)
(2417, 6303)
(2418, 6303)
(2419, 6303)
(2421, 6303)
(2423, 6303)
(2427, 6303)
(2433, 6303)
(2434, 6303)
(2435, 6303)
(2436, 6303)
(2437, 6303)
(2438, 6303)
(2439, 6303)
(2441, 6303)
(2442, 6303)
(2443, 6303)
(2445, 6303)
(2446, 6303)
(2447, 6303)
(2449, 6303)
(2450, 6303)
(2455, 6303)
(2457, 6303)
(2458, 6303)
(2466, 6303)
(2467, 6303)
(2468, 6303)
(2469, 6303)
(2470, 6303)
(2472, 6303)
(2473, 6303)
(2475, 6303)
(2476, 6303)
(2478, 6303)
(2479, 6303)
(2480, 6303)
(2481, 6303)
(2482, 6303)
(2483, 6303)
(2484, 6303)
(2488, 6303)
(2491, 6303)
(2495, 6303)
(2496, 6303)
(2497, 6303)
(2499, 6303)
(2502, 6303)
(2508, 6303)
(2509, 6303)
(2511, 6303)
(2512, 6303)
(2513, 6303)
(2514, 6303)
(2515, 6303)
(2517, 6303)
(2518, 6303)
(2520, 6303)
(2521, 6303)
(2522, 6303)
(2525, 6303)
(2526, 6303)
(2527, 6303)
(2528, 6303)
(2531, 6303)
(2535, 6303)
(2537, 6303)
(2539, 6303)
(2540, 6303)
(2541, 6303)
(2542, 6303)
(2545, 6303)
(2552, 6303)
(2553, 6303)
(2556, 6303)
(2558, 6303)
(2560, 6303)
(2561, 6303)
(2563, 6303)
(2564, 6303)
(2565, 6303)
(2566, 6303)
(2567, 6303)
(2568, 6303)
(2570, 6303)
(2571, 6303)
(2572, 6303)
(2573, 6303)
(2574, 6303)
(2580, 6303)
(2585, 6303)
(2586, 6303)
(2587, 6303)
(2588, 6303)
(2592, 6303)
(2598, 6303)
(2600, 6303)
(2601, 6303)
(2603, 6303)
(2605, 6303)
(2608, 6303)
(2609, 6303)
(2610, 6303)
(2616, 6303)
(2618, 6303)
(2619, 6303)
(2620, 6303)
(2623, 6303)
(2624, 6303)
(2625, 6303)
(2628, 6303)
(2630, 6303)
(2631, 6303)
(2632, 6303)
(2633, 6303)
(2636, 6303)
(2637, 6303)
(2640, 6303)
(2641, 6303)
(2643, 6303)
(2647, 6303)
(2648, 6303)
(2649, 6303)
(2651, 6303)
(2655, 6303)
(2656, 6303)
(2658, 6303)
(2664, 6303)
(2665, 6303)
(2667, 6303)
(2668, 6303)
(2672, 6303)
(2673, 6303)
(2674, 6303)
(2675, 6303)
(2677, 6303)
(2684, 6303)
(2685, 6303)
(2686, 6303)
(2687, 6303)
(2688, 6303)
(2689, 6303)
(2691, 6303)
(2692, 6303)
(2696, 6303)
(2697, 6303)
(2700, 6303)
(2701, 6303)
(2703, 6303)
(2705, 6303)
(2706, 6303)
(2708, 6303)
(2711, 6303)
(2714, 6303)
(2717, 6303)
(2720, 6303)
(2722, 6303)
(2724, 6303)
(2725, 6303)
(2727, 6303)
(2730, 6303)
(2731, 6303)
(2734, 6303)
(2736, 6303)
(2737, 6303)
(2738, 6303)
(2739, 6303)
(2740, 6303)
(2741, 6303)
(2742, 6303)
(2745, 6303)
(2746, 6303)
(2747, 6303)
(2749, 6303)
(2752, 6303)
(2753, 6303)
(2754, 6303)
(2755, 6303)
(2756, 6303)
(2759, 6303)
(2760, 6303)
(2762, 6303)
(2763, 6303)
(2764, 6303)
(2766, 6303)
(2768, 6303)
(2769, 6303)
(2771, 6303)
(2775, 6303)
(2776, 6303)
(2780, 6303)
(2782, 6303)
(2783, 6303)
(2784, 6303)
(2786, 6303)
(2787, 6303)
(2788, 6303)
(2789, 6303)
(2791, 6303)
(2793, 6303)
(2795, 6303)
(2799, 6303)
(2800, 6303)
(2801, 6303)
(2802, 6303)
(2805, 6303)
(2806, 6303)
(2818, 6303)
(2820, 6303)
(2825, 6303)
(2833, 6303)
(2838, 6303)
(2839, 6303)
(2840, 6303)
(2843, 6303)
(2844, 6303)
(2846, 6303)
(2848, 6303)
(2849, 6303)
(2850, 6303)
(2851, 6303)
(2853, 6303)
(2854, 6303)
(2855, 6303)
(2856, 6303)
(2857, 6303)
(2858, 6303)
(2863, 6303)
(2865, 6303)
(2867, 6303)
(2872, 6303)
(2874, 6303)
(2876, 6303)
(2877, 6303)
(2878, 6303)
(2880, 6303)
(2882, 6303)
(2884, 6303)
(2889, 6303)
(2891, 6303)
(2893, 6303)
(2894, 6303)
(2895, 6303)
(2896, 6303)
(2899, 6303)
(2905, 6303)
(2908, 6303)
(2909, 6303)
(2910, 6303)
(2911, 6303)
(2912, 6303)
(2913, 6303)
(2914, 6303)
(2915, 6303)
(2916, 6303)
(2917, 6303)
(2918, 6303)
(2919, 6303)
(2920, 6303)
(2923, 6303)
(2924, 6303)
(2925, 6303)
(2928, 6303)
(2929, 6303)
(2937, 6303)
(2940, 6303)
(2941, 6303)
(2943, 6303)
(2945, 6303)
(2947, 6303)
(2953, 6303)
(2954, 6303)
(2955, 6303)
(2956, 6303)
(2957, 6303)
(2959, 6303)
(2960, 6303)
(2963, 6303)
(2964, 6303)
(2965, 6303)
(2967, 6303)
(2969, 6303)
(2970, 6303)
(2971, 6303)
(2972, 6303)
(2973, 6303)
(2984, 6303)
(2985, 6303)
(2987, 6303)
(2990, 6303)
(2993, 6303)
(2994, 6303)
(2995, 6303)
(2996, 6303)
(2998, 6303)
(2999, 6303)
(3000, 6303)
(3002, 6303)
(3005, 6303)
(3006, 6303)
(3007, 6303)
(3008, 6303)
(3012, 6303)
(3013, 6303)
(3015, 6303)
(3017, 6303)
(3019, 6303)
(3021, 6303)
(3022, 6303)
(3035, 6303)
(3036, 6303)
(3047, 6303)
(3048, 6303)
(3049, 6303)
(3050, 6303)
(3051, 6303)
(3052, 6303)
(3053, 6303)
(3055, 6303)
(3057, 6303)
(3062, 6303)
(3064, 6303)
(3065, 6303)
(3069, 6303)
(3070, 6303)
(3071, 6303)
(3076, 6303)
(3079, 6303)
(3082, 6303)
(3084, 6303)
(3085, 6303)
(3090, 6303)
(3091, 6303)
(3094, 6303)
(3097, 6303)
(3104, 6303)
(3107, 6303)
(3108, 6303)
(3109, 6303)
(3112, 6303)
(3116, 6303)
(3118, 6303)
(3119, 6303)
(3121, 6303)
(3122, 6303)
(3123, 6303)
(3124, 6303)
(3125, 6303)
(3128, 6303)
(3130, 6303)
(3131, 6303)
(3132, 6303)
(3133, 6303)
(3134, 6303)
(3139, 6303)
(3141, 6303)
(3143, 6303)
(3144, 6303)
(3145, 6303)
(3150, 6303)
(3151, 6303)
(3153, 6303)
(3154, 6303)
(3155, 6303)
(3157, 6303)
(3159, 6303)
(3161, 6303)
(3162, 6303)
(3164, 6303)
(3165, 6303)
(3166, 6303)
(3167, 6303)
(3168, 6303)
(3169, 6303)
(3170, 6303)
(3173, 6303)
(3175, 6303)
(3177, 6303)
(3181, 6303)
(3188, 6303)
(3189, 6303)
(3195, 6303)
(3196, 6303)
(3198, 6303)
(3199, 6303)
(3201, 6303)
(3203, 6303)
(3204, 6303)
(3209, 6303)
(3211, 6303)
(3214, 6303)
(3215, 6303)
(3216, 6303)
(3217, 6303)
(3219, 6303)
(3226, 6303)
(3227, 6303)
(3229, 6303)
(3230, 6303)
(3231, 6303)
(3237, 6303)
(3238, 6303)
(3239, 6303)
(3240, 6303)
(3241, 6303)
(3242, 6303)
(3245, 6303)
(3248, 6303)
(3251, 6303)
(3252, 6303)
(3253, 6303)
(3261, 6303)
(3262, 6303)
(3263, 6303)
(3264, 6303)
(3265, 6303)
(3267, 6303)
(3268, 6303)
(3272, 6303)
(3275, 6303)
(3277, 6303)
(3278, 6303)
(3279, 6303)
(3280, 6303)
(3282, 6303)
(3283, 6303)
(3286, 6303)
(3287, 6303)
(3289, 6303)
(3290, 6303)
(3291, 6303)
(3292, 6303)
(3293, 6303)
(3294, 6303)
(3302, 6303)
(3303, 6303)
(3306, 6303)
(3307, 6303)
(3308, 6303)
(3313, 6303)
(3314, 6303)
(3316, 6303)
(3318, 6303)
(3319, 6303)
(3320, 6303)
(3322, 6303)
(3324, 6303)
(3325, 6303)
(3328, 6303)
(3329, 6303)
(3330, 6303)
(3331, 6303)
(3332, 6303)
(3334, 6303)
(3336, 6303)
(3339, 6303)
(3340, 6303)
(3342, 6303)
(3345, 6303)
(3347, 6303)
(3349, 6303)
(3351, 6303)
(3354, 6303)
(3357, 6303)
(3361, 6303)
(3362, 6303)
(3365, 6303)
(3366, 6303)
(3367, 6303)
(3368, 6303)
(3372, 6303)
(3375, 6303)
(3376, 6303)
(3377, 6303)
(3379, 6303)
(3381, 6303)
(3386, 6303)
(3387, 6303)
(3388, 6303)
(3389, 6303)
(3391, 6303)
(3392, 6303)
(3395, 6303)
(3399, 6303)
(3400, 6303)
(3401, 6303)
(3402, 6303)
(3410, 6303)
(3413, 6303)
(3414, 6303)
(3416, 6303)
(3418, 6303)
(3419, 6303)
(3420, 6303)
(3421, 6303)
(3422, 6303)
(3423, 6303)
(3424, 6303)
(3425, 6303)
(3426, 6303)
(3427, 6303)
(3432, 6303)
(3434, 6303)
(3435, 6303)
(3436, 6303)
(3437, 6303)
(3438, 6303)
(3439, 6303)
(3440, 6303)
(3442, 6303)
(3443, 6303)
(3444, 6303)
(3445, 6303)
(3446, 6303)
(3447, 6303)
(3449, 6303)
(3450, 6303)
(3453, 6303)
(3454, 6303)
(3455, 6303)
(3457, 6303)
(3458, 6303)
(3460, 6303)
(3461, 6303)
(3464, 6303)
(3467, 6303)
(3473, 6303)
(3477, 6303)
(3482, 6303)
(3483, 6303)
(3485, 6303)
(3486, 6303)
(3487, 6303)
(3488, 6303)
(3489, 6303)
(3492, 6303)
(3493, 6303)
(3494, 6303)
(3498, 6303)
(3502, 6303)
(3504, 6303)
(3506, 6303)
(3508, 6303)
(3510, 6303)
(3511, 6303)
(3512, 6303)
(3513, 6303)
(3516, 6303)
(3517, 6303)
(3518, 6303)
(3520, 6303)
(3523, 6303)
(3525, 6303)
(3527, 6303)
(3530, 6303)
(3532, 6303)
(3533, 6303)
(3534, 6303)
(3538, 6303)
(3540, 6303)
(3543, 6303)
(3545, 6303)
(3546, 6303)
(3548, 6303)
(3554, 6303)
(3556, 6303)
(3559, 6303)
(3561, 6303)
(3563, 6303)
(3565, 6303)
(3567, 6303)
(3569, 6303)
(3570, 6303)
(3572, 6303)
(3574, 6303)
(3576, 6303)
(3578, 6303)
(3582, 6303)
(3583, 6303)
(3584, 6303)
(3585, 6303)
(3586, 6303)
(3589, 6303)
(3593, 6303)
(3595, 6303)
(3596, 6303)
(3597, 6303)
(3598, 6303)
(3600, 6303)
(3602, 6303)
(3603, 6303)
(3604, 6303)
(3606, 6303)
(3608, 6303)
(3609, 6303)
(3614, 6303)
(3617, 6303)
(3618, 6303)
(3619, 6303)
(3620, 6303)
(3622, 6303)
(3623, 6303)
(3624, 6303)
(3625, 6303)
(3629, 6303)
(3630, 6303)
(3632, 6303)
(3633, 6303)
(3636, 6303)
(3637, 6303)
(3638, 6303)
(3639, 6303)
(3640, 6303)
(3641, 6303)
(3642, 6303)
(3643, 6303)
(3644, 6303)
(3645, 6303)
(3646, 6303)
(3647, 6303)
(3648, 6303)
(3649, 6303)
(3650, 6303)
(3651, 6303)
(3652, 6303)
(3653, 6303)
(3655, 6303)
(3656, 6303)
(3657, 6303)
(3659, 6303)
(3661, 6303)
(3662, 6303)
(3663, 6303)
(3664, 6303)
(3665, 6303)
(3666, 6303)
(3667, 6303)
(3668, 6303)
(3671, 6303)
(3672, 6303)
(3674, 6303)
(3675, 6303)
(3677, 6303)
(3678, 6303)
(3679, 6303)
(3682, 6303)
(3683, 6303)
(3684, 6303)
(3685, 6303)
(3686, 6303)
(3687, 6303)
(3688, 6303)
(3689, 6303)
(3691, 6303)
(3692, 6303)
(3695, 6303)
(3696, 6303)
(3697, 6303)
(3698, 6303)
(3701, 6303)
(3702, 6303)
(3704, 6303)
(3706, 6303)
(3707, 6303)
(3709, 6303)
(3711, 6303)
(3712, 6303)
(3717, 6303)
(3718, 6303)
(3721, 6303)
(3722, 6303)
(3723, 6303)
(3724, 6303)
(3725, 6303)
(3727, 6303)
(3729, 6303)
(3730, 6303)
(3731, 6303)
(3735, 6303)
(3736, 6303)
(3739, 6303)
(3740, 6303)
(3741, 6303)
(3745, 6303)
(3746, 6303)
(3748, 6303)
(3749, 6303)
(3751, 6303)
(3752, 6303)
(3753, 6303)
(3754, 6303)
(3755, 6303)
(3756, 6303)
(3758, 6303)
(3760, 6303)
(3761, 6303)
(3762, 6303)
(3763, 6303)
(3764, 6303)
(3766, 6303)
(3769, 6303)
(3773, 6303)
(3774, 6303)
(3775, 6303)
(3777, 6303)
(3778, 6303)
(3780, 6303)
(3782, 6303)
(3783, 6303)
(3784, 6303)
(3792, 6303)
(3793, 6303)
(3794, 6303)
(3795, 6303)
(3799, 6303)
(3800, 6303)
(3803, 6303)
(3804, 6303)
(3806, 6303)
(3807, 6303)
(3808, 6303)
(3809, 6303)
(3811, 6303)
(3812, 6303)
(3814, 6303)
(3816, 6303)
(3821, 6303)
(3825, 6303)
(3826, 6303)
(3827, 6303)
(3828, 6303)
(3829, 6303)
(3830, 6303)
(3832, 6303)
(3841, 6303)
(3842, 6303)
(3845, 6303)
(3847, 6303)
(3852, 6303)
(3853, 6303)
(3854, 6303)
(3855, 6303)
(3857, 6303)
(3860, 6303)
(3861, 6303)
(3864, 6303)
(3868, 6303)
(3874, 6303)
(3875, 6303)
(3876, 6303)
(3878, 6303)
(3879, 6303)
(3880, 6303)
(3882, 6303)
(3884, 6303)
(3889, 6303)
(3891, 6303)
(3892, 6303)
(3894, 6303)
(3895, 6303)
(3896, 6303)
(3898, 6303)
(3899, 6303)
(3901, 6303)
(3902, 6303)
(3905, 6303)
(3906, 6303)
(3908, 6303)
(3909, 6303)
(3911, 6303)
(3914, 6303)
(3915, 6303)
(3917, 6303)
(3918, 6303)
(3923, 6303)
(3924, 6303)
(3925, 6303)
(3927, 6303)
(3928, 6303)
(3932, 6303)
(3936, 6303)
(3938, 6303)
(3939, 6303)
(3940, 6303)
(3941, 6303)
(3942, 6303)
(3944, 6303)
(3947, 6303)
(3949, 6303)
(3950, 6303)
(3951, 6303)
(3953, 6303)
(3954, 6303)
(3955, 6303)
(3957, 6303)
(3958, 6303)
(3959, 6303)
(3961, 6303)
(3964, 6303)
(3965, 6303)
(3971, 6303)
(3972, 6303)
(3973, 6303)
(3974, 6303)
(3977, 6303)
(3978, 6303)
(3980, 6303)
(3983, 6303)
(3984, 6303)
(3990, 6303)
(3993, 6303)
(3994, 6303)
(3995, 6303)
(3996, 6303)
(3999, 6303)
(4001, 6303)
(4006, 6303)
(4007, 6303)
(4009, 6303)
(4011, 6303)
(4013, 6303)
(4014, 6303)
(4015, 6303)
(4017, 6303)
(4018, 6303)
(4019, 6303)
(4020, 6303)
(4022, 6303)
(4023, 6303)
(4024, 6303)
(4025, 6303)
(4027, 6303)
(4028, 6303)
(4029, 6303)
(4030, 6303)
(4031, 6303)
(4034, 6303)
(4037, 6303)
(4039, 6303)
(4040, 6303)
(4042, 6303)
(4044, 6303)
(4045, 6303)
(4046, 6303)
(4047, 6303)
(4048, 6303)
(4049, 6303)
(4050, 6303)
(4052, 6303)
(4053, 6303)
(4054, 6303)
(4055, 6303)
(4056, 6303)
(4061, 6303)
(4064, 6303)
(4065, 6303)
(4067, 6303)
(4069, 6303)
(4071, 6303)
(4074, 6303)
(4077, 6303)
(4079, 6303)
(4082, 6303)
(4084, 6303)
(4085, 6303)
(4086, 6303)
(4087, 6303)
(4088, 6303)
(4089, 6303)
(4090, 6303)
(4091, 6303)
(4094, 6303)
(4097, 6303)
(4099, 6303)
(4100, 6303)
(4101, 6303)
(4104, 6303)
(4108, 6303)
(4110, 6303)
(4115, 6303)
(4116, 6303)
(4118, 6303)
(4119, 6303)
(4120, 6303)
(4123, 6303)
(4125, 6303)
(4126, 6303)
(4127, 6303)
(4128, 6303)
(4129, 6303)
(4131, 6303)
(4132, 6303)
(4133, 6303)
(4134, 6303)
(4135, 6303)
(4136, 6303)
(4138, 6303)
(4141, 6303)
(4142, 6303)
(4145, 6303)
(4147, 6303)
(4148, 6303)
(4150, 6303)
(4153, 6303)
(4155, 6303)
(4156, 6303)
(4161, 6303)
(4162, 6303)
(4163, 6303)
(4165, 6303)
(4168, 6303)
(4169, 6303)
(4171, 6303)
(4172, 6303)
(4177, 6303)
(4178, 6303)
(4181, 6303)
(4182, 6303)
(4184, 6303)
(4186, 6303)
(4188, 6303)
(4190, 6303)
(4192, 6303)
(4195, 6303)
(4199, 6303)
(4201, 6303)
(4202, 6303)
(4209, 6303)
(4210, 6303)
(4212, 6303)
(4218, 6303)
(4219, 6303)
(4221, 6303)
(4223, 6303)
(4224, 6303)
(4225, 6303)
(4226, 6303)
(4229, 6303)
(4231, 6303)
(4233, 6303)
(4237, 6303)
(4238, 6303)
(4240, 6303)
(4241, 6303)
(4243, 6303)
(4247, 6303)
(4249, 6303)
(4251, 6303)
(4254, 6303)
(4258, 6303)
(4259, 6303)
(4261, 6303)
(4262, 6303)
(4265, 6303)
(4266, 6303)
(4267, 6303)
(4268, 6303)
(4271, 6303)
(4272, 6303)
(4278, 6303)
(4281, 6303)
(4283, 6303)
(4284, 6303)
(4286, 6303)
(4287, 6303)
(4288, 6303)
(4289, 6303)
(4290, 6303)
(4294, 6303)
(4296, 6303)
(4299, 6303)
(4302, 6303)
(4305, 6303)
(4309, 6303)
(4310, 6303)
(4311, 6303)
(4313, 6303)
(4314, 6303)
(4316, 6303)
(4318, 6303)
(4320, 6303)
(4321, 6303)
(4322, 6303)
(4323, 6303)
(4325, 6303)
(4327, 6303)
(4328, 6303)
(4335, 6303)
(4339, 6303)
(4341, 6303)
(4342, 6303)
(4345, 6303)
(4346, 6303)
(4347, 6303)
(4348, 6303)
(4349, 6303)
(4350, 6303)
(4351, 6303)
(4352, 6303)
(4354, 6303)
(4357, 6303)
(4361, 6303)
(4363, 6303)
(4364, 6303)
(4365, 6303)
(4366, 6303)
(4367, 6303)
(4370, 6303)
(4371, 6303)
(4372, 6303)
(4373, 6303)
(4374, 6303)
(4375, 6303)
(4376, 6303)
(4377, 6303)
(4379, 6303)
(4380, 6303)
(4383, 6303)
(4384, 6303)
(4385, 6303)
(4386, 6303)
(4387, 6303)
(4392, 6303)
(4393, 6303)
(4394, 6303)
(4395, 6303)
(4396, 6303)
(4397, 6303)
(4398, 6303)
(4401, 6303)
(4404, 6303)
(4406, 6303)
(4408, 6303)
(4409, 6303)
(4410, 6303)
(4411, 6303)
(4418, 6303)
(4422, 6303)
(4425, 6303)
(4426, 6303)
(4427, 6303)
(4429, 6303)
(4430, 6303)
(4436, 6303)
(4437, 6303)
(4440, 6303)
(4448, 6303)
(4450, 6303)
(4451, 6303)
(4453, 6303)
(4454, 6303)
(4457, 6303)
(4460, 6303)
(4461, 6303)
(4462, 6303)
(4464, 6303)
(4466, 6303)
(4471, 6303)
(4475, 6303)
(4476, 6303)
(4477, 6303)
(4480, 6303)
(4481, 6303)
(4483, 6303)
(4485, 6303)
(4486, 6303)
(4488, 6303)
(4494, 6303)
(4495, 6303)
(4496, 6303)
(4497, 6303)
(4498, 6303)
(4499, 6303)
(4504, 6303)
(4507, 6303)
(4509, 6303)
(4511, 6303)
(4512, 6303)
(4514, 6303)
(4515, 6303)
(4517, 6303)
(4518, 6303)
(4519, 6303)
(4521, 6303)
(4522, 6303)
(4523, 6303)
(4524, 6303)
(4525, 6303)
(4526, 6303)
(4527, 6303)
(4528, 6303)
(4529, 6303)
(4530, 6303)
(4531, 6303)
(4534, 6303)
(4535, 6303)
(4542, 6303)
(4543, 6303)
(4544, 6303)
(4545, 6303)
(4546, 6303)
(4547, 6303)
(4548, 6303)
(4549, 6303)
(4550, 6303)
(4554, 6303)
(4555, 6303)
(4556, 6303)
(4558, 6303)
(4559, 6303)
(4560, 6303)
(4561, 6303)
(4562, 6303)
(4563, 6303)
(4564, 6303)
(4565, 6303)
(4571, 6303)
(4575, 6303)
(4576, 6303)
(4578, 6303)
(4579, 6303)
(4580, 6303)
(4581, 6303)
(4582, 6303)
(4584, 6303)
(4588, 6303)
(4589, 6303)
(4590, 6303)
(4591, 6303)
(4594, 6303)
(4595, 6303)
(4597, 6303)
(4599, 6303)
(4600, 6303)
(4601, 6303)
(4602, 6303)
(4604, 6303)
(4605, 6303)
(4607, 6303)
(4608, 6303)
(4611, 6303)
(4612, 6303)
(4613, 6303)
(4614, 6303)
(4615, 6303)
(4616, 6303)
(4618, 6303)
(4626, 6303)
(4627, 6303)
(4632, 6303)
(4634, 6303)
(4637, 6303)
(4642, 6303)
(4645, 6303)
(4646, 6303)
(4647, 6303)
(4648, 6303)
(4649, 6303)
(4651, 6303)
(4652, 6303)
(4655, 6303)
(4656, 6303)
(4657, 6303)
(4659, 6303)
(4660, 6303)
(4661, 6303)
(4663, 6303)
(4668, 6303)
(4670, 6303)
(4671, 6303)
(4672, 6303)
(4673, 6303)
(4675, 6303)
(4677, 6303)
(4679, 6303)
(4681, 6303)
(4682, 6303)
(4683, 6303)
(4685, 6303)
(4687, 6303)
(4688, 6303)
(4690, 6303)
(4691, 6303)
(4696, 6303)
(4697, 6303)
(4698, 6303)
(4699, 6303)
(4700, 6303)
(4701, 6303)
(4702, 6303)
(4703, 6303)
(4704, 6303)
(4707, 6303)
(4708, 6303)
(4710, 6303)
(4711, 6303)
(4712, 6303)
(4713, 6303)
(4714, 6303)
(4715, 6303)
(4716, 6303)
(4717, 6303)
(4718, 6303)
(4719, 6303)
(4722, 6303)
(4727, 6303)
(4736, 6303)
(4737, 6303)
(4742, 6303)
(4747, 6303)
(4749, 6303)
(4750, 6303)
(4753, 6303)
(4756, 6303)
(4757, 6303)
(4759, 6303)
(4760, 6303)
(4763, 6303)
(4764, 6303)
(4765, 6303)
(4767, 6303)
(4770, 6303)
(4772, 6303)
(4773, 6303)
(4774, 6303)
(4775, 6303)
(4776, 6303)
(4777, 6303)
(4779, 6303)
(4780, 6303)
(4785, 6303)
(4786, 6303)
(4787, 6303)
(4789, 6303)
(4791, 6303)
(4794, 6303)
(4795, 6303)
(4801, 6303)
(4802, 6303)
(4807, 6303)
(4808, 6303)
(4809, 6303)
(4812, 6303)
(4814, 6303)
(4816, 6303)
(4817, 6303)
(4818, 6303)
(4819, 6303)
(4820, 6303)
(4821, 6303)
(4823, 6303)
(4824, 6303)
(4827, 6303)
(4828, 6303)
(4829, 6303)
(4830, 6303)
(4831, 6303)
(4832, 6303)
(4834, 6303)
(4835, 6303)
(4836, 6303)
(4838, 6303)
(4840, 6303)
(4841, 6303)
(4843, 6303)
(4844, 6303)
(4848, 6303)
(4849, 6303)
(4850, 6303)
(4851, 6303)
(4853, 6303)
(4858, 6303)
(4859, 6303)
(4860, 6303)
(4861, 6303)
(4862, 6303)
(4863, 6303)
(4865, 6303)
(4866, 6303)
(4868, 6303)
(4869, 6303)
(4870, 6303)
(4871, 6303)
(4873, 6303)
(4877, 6303)
(4878, 6303)
(4879, 6303)
(4882, 6303)
(4884, 6303)
(4885, 6303)
(4886, 6303)
(4887, 6303)
(4888, 6303)
(4889, 6303)
(4893, 6303)
(4894, 6303)
(4895, 6303)
(4897, 6303)
(4898, 6303)
(4899, 6303)
(4901, 6303)
(4904, 6303)
(4905, 6303)
(4906, 6303)
(4907, 6303)
(4909, 6303)
(4910, 6303)
(4911, 6303)
(4912, 6303)
(4913, 6303)
(4915, 6303)
(4916, 6303)
(4917, 6303)
(4920, 6303)
(4922, 6303)
(4924, 6303)
(4925, 6303)
(4926, 6303)
(4927, 6303)
(4928, 6303)
(4929, 6303)
(4930, 6303)
(4931, 6303)
(4933, 6303)
(4936, 6303)
(4938, 6303)
(4939, 6303)
(4941, 6303)
(4942, 6303)
(4945, 6303)
(4946, 6303)
(4947, 6303)
(4950, 6303)
(4952, 6303)
(4953, 6303)
(4954, 6303)
(4956, 6303)
(4957, 6303)
(4958, 6303)
(4960, 6303)
(4961, 6303)
(4962, 6303)
(4963, 6303)
(4964, 6303)
(4965, 6303)
(4968, 6303)
(4969, 6303)
(4970, 6303)
(4971, 6303)
(4972, 6303)
(4974, 6303)
(4975, 6303)
(4976, 6303)
(4977, 6303)
(4978, 6303)
(4981, 6303)
(4982, 6303)
(4983, 6303)
(4984, 6303)
(4985, 6303)
(4987, 6303)
(4989, 6303)
(4990, 6303)
(4991, 6303)
(4992, 6303)
(4993, 6303)
(4994, 6303)
(4996, 6303)
(4997, 6303)
(4998, 6303)
(5000, 6303)
(5001, 6303)
(5002, 6303)
(5004, 6303)
(5005, 6303)
(5006, 6303)
(5009, 6303)
(5010, 6303)
(5011, 6303)
(5013, 6303)
(5015, 6303)
(5018, 6303)
(5019, 6303)
(5020, 6303)
(5022, 6303)
(5023, 6303)
(5025, 6303)
(5027, 6303)
(5031, 6303)
(5032, 6303)
(5033, 6303)
(5036, 6303)
(5038, 6303)
(5039, 6303)
(5041, 6303)
(5046, 6303)
(5047, 6303)
(5050, 6303)
(5054, 6303)
(5055, 6303)
(5056, 6303)
(5057, 6303)
(5059, 6303)
(5061, 6303)
(5062, 6303)
(5064, 6303)
(5068, 6303)
(5070, 6303)
(5071, 6303)
(5072, 6303)
(5076, 6303)
(5079, 6303)
(5080, 6303)
(5084, 6303)
(5085, 6303)
(5087, 6303)
(5088, 6303)
(5092, 6303)
(5094, 6303)
(5095, 6303)
(5099, 6303)
(5100, 6303)
(5101, 6303)
(5103, 6303)
(5107, 6303)
(5108, 6303)
(5109, 6303)
(5111, 6303)
(5112, 6303)
(5114, 6303)
(5115, 6303)
(5116, 6303)
(5117, 6303)
(5119, 6303)
(5121, 6303)
(5122, 6303)
(5123, 6303)
(5126, 6303)
(5127, 6303)
(5128, 6303)
(5130, 6303)
(5132, 6303)
(5133, 6303)
(5134, 6303)
(5136, 6303)
(5139, 6303)
(5141, 6303)
(5142, 6303)
(5143, 6303)
(5144, 6303)
(5145, 6303)
(5146, 6303)
(5148, 6303)
(5150, 6303)
(5153, 6303)
(5161, 6303)
(5162, 6303)
(5164, 6303)
(5166, 6303)
(5170, 6303)
(5172, 6303)
(5173, 6303)
(5174, 6303)
(5176, 6303)
(5178, 6303)
(5179, 6303)
(5180, 6303)
(5181, 6303)
(5182, 6303)
(5184, 6303)
(5185, 6303)
(5186, 6303)
(5188, 6303)
(5189, 6303)
(5192, 6303)
(5193, 6303)
(5194, 6303)
(5198, 6303)
(5199, 6303)
(5203, 6303)
(5204, 6303)
(5205, 6303)
(5208, 6303)
(5210, 6303)
(5212, 6303)
(5215, 6303)
(5216, 6303)
(5217, 6303)
(5218, 6303)
(5219, 6303)
(5223, 6303)
(5225, 6303)
(5229, 6303)
(5230, 6303)
(5231, 6303)
(5232, 6303)
(5233, 6303)
(5234, 6303)
(5235, 6303)
(5237, 6303)
(5239, 6303)
(5240, 6303)
(5242, 6303)
(5243, 6303)
(5244, 6303)
(5246, 6303)
(5247, 6303)
(5248, 6303)
(5249, 6303)
(5252, 6303)
(5256, 6303)
(5258, 6303)
(5260, 6303)
(5261, 6303)
(5262, 6303)
(5264, 6303)
(5265, 6303)
(5266, 6303)
(5268, 6303)
(5269, 6303)
(5271, 6303)
(5274, 6303)
(5275, 6303)
(5280, 6303)
(5282, 6303)
(5284, 6303)
(5286, 6303)
(5287, 6303)
(5288, 6303)
(5289, 6303)
(5293, 6303)
(5295, 6303)
(5297, 6303)
(5302, 6303)
(5303, 6303)
(5305, 6303)
(5307, 6303)
(5308, 6303)
(5309, 6303)
(5310, 6303)
(5311, 6303)
(5313, 6303)
(5314, 6303)
(5317, 6303)
(5319, 6303)
(5320, 6303)
(5322, 6303)
(5323, 6303)
(5324, 6303)
(5325, 6303)
(5327, 6303)
(5328, 6303)
(5329, 6303)
(5330, 6303)
(5331, 6303)
(5333, 6303)
(5334, 6303)
(5335, 6303)
(5336, 6303)
(5337, 6303)
(5340, 6303)
(5341, 6303)
(5342, 6303)
(5344, 6303)
(5345, 6303)
(5346, 6303)
(5348, 6303)
(5349, 6303)
(5350, 6303)
(5351, 6303)
(5353, 6303)
(5354, 6303)
(5355, 6303)
(5358, 6303)
(5360, 6303)
(5362, 6303)
(5363, 6303)
(5364, 6303)
(5365, 6303)
(5367, 6303)
(5368, 6303)
(5369, 6303)
(5370, 6303)
(5371, 6303)
(5374, 6303)
(5375, 6303)
(5377, 6303)
(5382, 6303)
(5383, 6303)
(5384, 6303)
(5387, 6303)
(5388, 6303)
(5390, 6303)
(5391, 6303)
(5392, 6303)
(5393, 6303)
(5395, 6303)
(5397, 6303)
(5398, 6303)
(5399, 6303)
(5400, 6303)
(5401, 6303)
(5402, 6303)
(5405, 6303)
(5408, 6303)
(5409, 6303)
(5411, 6303)
(5412, 6303)
(5415, 6303)
(5416, 6303)
(5419, 6303)
(5420, 6303)
(5422, 6303)
(5424, 6303)
(5426, 6303)
(5427, 6303)
(5430, 6303)
(5431, 6303)
(5433, 6303)
(5434, 6303)
(5435, 6303)
(5438, 6303)
(5439, 6303)
(5441, 6303)
(5442, 6303)
(5444, 6303)
(5445, 6303)
(5446, 6303)
(5447, 6303)
(5448, 6303)
(5449, 6303)
(5450, 6303)
(5453, 6303)
(5454, 6303)
(5455, 6303)
(5456, 6303)
(5460, 6303)
(5462, 6303)
(5463, 6303)
(5465, 6303)
(5466, 6303)
(5467, 6303)
(5468, 6303)
(5469, 6303)
(5470, 6303)
(5471, 6303)
(5473, 6303)
(5475, 6303)
(5476, 6303)
(5477, 6303)
(5480, 6303)
(5481, 6303)
(5482, 6303)
(5483, 6303)
(5484, 6303)
(5485, 6303)
(5488, 6303)
(5489, 6303)
(5493, 6303)
(5494, 6303)
(5496, 6303)
(5501, 6303)
(5502, 6303)
(5503, 6303)
(5506, 6303)
(5507, 6303)
(5512, 6303)
(5513, 6303)
(5514, 6303)
(5516, 6303)
(5517, 6303)
(5518, 6303)
(5519, 6303)
(5520, 6303)
(5521, 6303)
(5522, 6303)
(5524, 6303)
(5526, 6303)
(5527, 6303)
(5530, 6303)
(5533, 6303)
(5534, 6303)
(5536, 6303)
(5541, 6303)
(5544, 6303)
(5546, 6303)
(5547, 6303)
(5549, 6303)
(5550, 6303)
(5551, 6303)
(5553, 6303)
(5554, 6303)
(5555, 6303)
(5556, 6303)
(5557, 6303)
(5558, 6303)
(5559, 6303)
(5560, 6303)
(5561, 6303)
(5562, 6303)
(5563, 6303)
(5564, 6303)
(5567, 6303)
(5569, 6303)
(5570, 6303)
(5571, 6303)
(5573, 6303)
(5574, 6303)
(5575, 6303)
(5576, 6303)
(5579, 6303)
(5581, 6303)
(5582, 6303)
(5584, 6303)
(5586, 6303)
(5588, 6303)
(5591, 6303)
(5592, 6303)
(5593, 6303)
(5594, 6303)
(5595, 6303)
(5596, 6303)
(5598, 6303)
(5599, 6303)
(5601, 6303)
(5605, 6303)
(5606, 6303)
(5607, 6303)
(5609, 6303)
(5610, 6303)
(5612, 6303)
(5617, 6303)
(5620, 6303)
(5621, 6303)
(5622, 6303)
(5624, 6303)
(5627, 6303)
(5628, 6303)
(5631, 6303)
(5632, 6303)
(5633, 6303)
(5635, 6303)
(5636, 6303)
(5637, 6303)
(5638, 6303)
(5639, 6303)
(5640, 6303)
(5641, 6303)
(5642, 6303)
(5646, 6303)
(5647, 6303)
(5648, 6303)
(5649, 6303)
(5652, 6303)
(5658, 6303)
(5659, 6303)
(5671, 6303)
(5673, 6303)
(5674, 6303)
(5676, 6303)
(5678, 6303)
(5679, 6303)
(5681, 6303)
(5683, 6303)
(5684, 6303)
(5685, 6303)
(5686, 6303)
(5687, 6303)
(5688, 6303)
(5689, 6303)
(5690, 6303)
(5692, 6303)
(5693, 6303)
(5694, 6303)
(5696, 6303)
(5697, 6303)
(5698, 6303)
(5699, 6303)
(5700, 6303)
(5702, 6303)
(5704, 6303)
(5705, 6303)
(5706, 6303)
(5709, 6303)
(5710, 6303)
(5711, 6303)
(5712, 6303)
(5713, 6303)
(5714, 6303)
(5715, 6303)
(5717, 6303)
(5718, 6303)
(5719, 6303)
(5721, 6303)
(5722, 6303)
(5723, 6303)
(5725, 6303)
(5728, 6303)
(5730, 6303)
(5731, 6303)
(5732, 6303)
(5734, 6303)
(5736, 6303)
(5737, 6303)
(5738, 6303)
(5739, 6303)
(5741, 6303)
(5743, 6303)
(5744, 6303)
(5745, 6303)
(5746, 6303)
(5747, 6303)
(5748, 6303)
(5749, 6303)
(5752, 6303)
(5756, 6303)
(5758, 6303)
(5760, 6303)
(5762, 6303)
(5764, 6303)
(5765, 6303)
(5767, 6303)
(5768, 6303)
(5769, 6303)
(5770, 6303)
(5771, 6303)
(5772, 6303)
(5773, 6303)
(5774, 6303)
(5776, 6303)
(5777, 6303)
(5778, 6303)
(5779, 6303)
(5780, 6303)
(5781, 6303)
(5782, 6303)
(5784, 6303)
(5786, 6303)
(5787, 6303)
(5789, 6303)
(5790, 6303)
(5791, 6303)
(5795, 6303)
(5796, 6303)
(5797, 6303)
(5798, 6303)
(5799, 6303)
(5800, 6303)
(5801, 6303)
(5803, 6303)
(5805, 6303)
(5806, 6303)
(5808, 6303)
(5810, 6303)
(5812, 6303)
(5813, 6303)
(5814, 6303)
(5815, 6303)
(5817, 6303)
(5818, 6303)
(5822, 6303)
(5823, 6303)
(5825, 6303)
(5832, 6303)
(5833, 6303)
(5835, 6303)
(5836, 6303)
(5837, 6303)
(5838, 6303)
(5839, 6303)
(5840, 6303)
(5841, 6303)
(5842, 6303)
(5843, 6303)
(5844, 6303)
(5845, 6303)
(5846, 6303)
(5848, 6303)
(5849, 6303)
(5851, 6303)
(5852, 6303)
(5853, 6303)
(5856, 6303)
(5857, 6303)
(5863, 6303)
(5864, 6303)
(5865, 6303)
(5867, 6303)
(5868, 6303)
(5871, 6303)
(5872, 6303)
(5873, 6303)
(5874, 6303)
(5875, 6303)
(5876, 6303)
(5877, 6303)
(5878, 6303)
(5879, 6303)
(5880, 6303)
(5883, 6303)
(5885, 6303)
(5888, 6303)
(5889, 6303)
(5891, 6303)
(5894, 6303)
(5896, 6303)
(5898, 6303)
(5900, 6303)
(5902, 6303)
(5903, 6303)
(5904, 6303)
(5906, 6303)
(5908, 6303)
(5910, 6303)
(5911, 6303)
(5912, 6303)
(5913, 6303)
(5914, 6303)
(5916, 6303)
(5917, 6303)
(5919, 6303)
(5920, 6303)
(5922, 6303)
(5923, 6303)
(5926, 6303)
(5927, 6303)
(5929, 6303)
(5930, 6303)
(5933, 6303)
(5934, 6303)
(5935, 6303)
(5938, 6303)
(5942, 6303)
(5945, 6303)
(5946, 6303)
(5947, 6303)
(5948, 6303)
(5949, 6303)
(5953, 6303)
(5954, 6303)
(5955, 6303)
(5958, 6303)
(5959, 6303)
(5963, 6303)
(5964, 6303)
(5966, 6303)
(5967, 6303)
(5968, 6303)
(5969, 6303)
(5972, 6303)
(5975, 6303)
(5979, 6303)
(5983, 6303)
(5984, 6303)
(5985, 6303)
(5986, 6303)
(5989, 6303)
(5991, 6303)
(5993, 6303)
(5996, 6303)
(6000, 6303)
(6001, 6303)
(6002, 6303)
(6003, 6303)
(6005, 6303)
(6007, 6303)
(6008, 6303)
(6009, 6303)
(6010, 6303)
(6011, 6303)
(6013, 6303)
(6014, 6303)
(6017, 6303)
(6019, 6303)
(6020, 6303)
(6021, 6303)
(6022, 6303)
(6024, 6303)
(6025, 6303)
(6032, 6303)
(6033, 6303)
(6034, 6303)
(6035, 6303)
(6037, 6303)
(6042, 6303)
(6043, 6303)
(6044, 6303)
(6048, 6303)
(6051, 6303)
(6052, 6303)
(6053, 6303)
(6054, 6303)
(6055, 6303)
(6056, 6303)
(6058, 6303)
(6064, 6303)
(6065, 6303)
(6068, 6303)
(6072, 6303)
(6073, 6303)
(6074, 6303)
(6075, 6303)
(6076, 6303)
(6080, 6303)
(6082, 6303)
(6083, 6303)
(6084, 6303)
(6085, 6303)
(6086, 6303)
(6090, 6303)
(6097, 6303)
(6098, 6303)
(6100, 6303)
(6101, 6303)
(6103, 6303)
(6104, 6303)
(6106, 6303)
(6107, 6303)
(6109, 6303)
(6112, 6303)
(6113, 6303)
(6115, 6303)
(6116, 6303)
(6117, 6303)
(6118, 6303)
(6119, 6303)
(6120, 6303)
(6121, 6303)
(6122, 6303)
(6126, 6303)
(6127, 6303)
(6128, 6303)
(6129, 6303)
(6130, 6303)
(6131, 6303)
(6133, 6303)
(6135, 6303)
(6136, 6303)
(6137, 6303)
(6140, 6303)
(6142, 6303)
(6143, 6303)
(6144, 6303)
(6145, 6303)
(6146, 6303)
(6147, 6303)
(6148, 6303)
(6149, 6303)
(6151, 6303)
(6153, 6303)
(6154, 6303)
(6156, 6303)
(6157, 6303)
(6158, 6303)
(6159, 6303)
(6160, 6303)
(6161, 6303)
(6162, 6303)
(6164, 6303)
(6166, 6303)
(6167, 6303)
(6168, 6303)
(6172, 6303)
(6173, 6303)
(6176, 6303)
(6177, 6303)
(6178, 6303)
(6182, 6303)
(6183, 6303)
(6184, 6303)
(6185, 6303)
(6188, 6303)
(6189, 6303)
(6190, 6303)
(6192, 6303)
(6195, 6303)
(6197, 6303)
(6198, 6303)
(6199, 6303)
(6200, 6303)
(6201, 6303)
(6202, 6303)
(6203, 6303)
(6204, 6303)
(6205, 6303)
(6206, 6303)
(6207, 6303)
(6208, 6303)
(6209, 6303)
(6210, 6303)
(6211, 6303)
(6212, 6303)
(6213, 6303)
(6214, 6303)
(6215, 6303)
(6216, 6303)
(6217, 6303)
(6218, 6303)
(6219, 6303)
(6220, 6303)
(6221, 6303)
(6222, 6303)
(6223, 6303)
(6224, 6303)
(6225, 6303)
(6226, 6303)
(6227, 6303)
(6228, 6303)
(6232, 6303)
(6235, 6303)
(6236, 6303)
(6238, 6303)
(6240, 6303)
(6242, 6303)
(6246, 6303)
(6247, 6303)
(6248, 6303)
(6250, 6303)
(6253, 6303)
(6254, 6303)
(6256, 6303)
(6257, 6303)
(6259, 6303)
(6260, 6303)
(6261, 6303)
(6263, 6303)
(6265, 6303)
(6267, 6303)
(6268, 6303)
(6270, 6303)
(6271, 6303)
(6272, 6303)
(6274, 6303)
(6275, 6303)
(6278, 6303)
(6280, 6303)
(6281, 6303)
(6283, 6303)
(6284, 6303)
(6285, 6303)
(6286, 6303)
(6287, 6303)
(6290, 6303)
(6292, 6303)
(6294, 6303)
(6295, 6303)
(6297, 6303)
(6298, 6303)
(6299, 6303)
(6300, 6303)
(2595, 6304)
(45, 6304)
(658, 6304)
(3834, 6304)
(3835, 6304)
(3836, 6304)
(3837, 6304)
(52, 6305)
(46, 6305)
(3779, 6306)
(47, 6306)
(5298, 6306)
(5299, 6306)
(2869, 6306)
(5301, 6306)
(5118, 6306)
(72, 6307)
(74, 6307)
(70, 6307)
(2368, 6308)
(2369, 6308)
(2371, 6308)
(2372, 6308)
(77, 6308)
(2190, 6308)
(2365, 6308)
(2366, 6308)
(2367, 6308)
(139, 6309)
(86, 6309)
(2138, 6309)
(2139, 6309)
(2140, 6309)
(2141, 6309)
(96, 6310)
(2533, 6310)
(1961, 6310)
(3020, 6310)
(2555, 6310)
(604, 6310)
(182, 6311)
(183, 6311)
(184, 6311)
(185, 6311)
(186, 6311)
(187, 6311)
(188, 6311)
(189, 6311)
(190, 6311)
(3785, 6312)
(3787, 6312)
(3788, 6312)
(199, 6312)
(1798, 6313)
(2235, 6313)
(2129, 6313)
(4468, 6313)
(219, 6313)
(245, 6314)
(242, 6314)
(237, 6314)
(239, 6314)
(240, 6315)
(4653, 6315)
(2758, 6316)
(2726, 6316)
(4621, 6316)
(4622, 6316)
(884, 6316)
(542, 6316)
(255, 6316)
(320, 6317)
(317, 6317)
(319, 6317)
(322, 6318)
(1447, 6318)
(5097, 6318)
(5098, 6318)
(462, 6318)
(1615, 6318)
(4307, 6318)
(4214, 6318)
(4955, 6318)
(408, 6319)
(403, 6319)
(2785, 6320)
(514, 6320)
(4484, 6320)
(4520, 6320)
(3916, 6320)
(432, 6320)
(3249, 6320)
(730, 6320)
(441, 6321)
(444, 6321)
(445, 6321)
(447, 6321)
(452, 6322)
(453, 6322)
(3404, 6322)
(1587, 6322)
(5081, 6322)
(512, 6323)
(2978, 6323)
(2979, 6323)
(2980, 6323)
(2981, 6323)
(2982, 6323)
(2983, 6323)
(940, 6323)
(1720, 6323)
(525, 6324)
(517, 6324)
(519, 6324)
(518, 6325)
(5511, 6325)
(6026, 6325)
(6027, 6325)
(6028, 6325)
(6029, 6325)
(6030, 6325)
(522, 6326)
(2507, 6326)
(2061, 6326)
(1332, 6326)
(2902, 6326)
(545, 6327)
(546, 6327)
(539, 6327)
(543, 6327)
(1578, 6328)
(550, 6328)
(561, 6329)
(562, 6329)
(564, 6329)
(565, 6329)
(569, 6329)
(570, 6329)
(589, 6330)
(590, 6330)
(591, 6330)
(592, 6330)
(593, 6330)
(594, 6330)
(595, 6330)
(596, 6330)
(597, 6330)
(598, 6330)
(614, 6331)
(1071, 6331)
(2932, 6331)
(2933, 6331)
(2198, 6331)
(2934, 6331)
(641, 6332)
(639, 6332)
(672, 6333)
(673, 6333)
(674, 6333)
(675, 6333)
(676, 6333)
(677, 6333)
(678, 6333)
(669, 6333)
(670, 6333)
(671, 6333)
(2534, 6334)
(710, 6334)
(1376, 6335)
(2002, 6335)
(725, 6335)
(2168, 6335)
(2169, 6335)
(2170, 6335)
(1915, 6335)
(6233, 6336)
(5826, 6336)
(744, 6336)
(3089, 6336)
(3601, 6336)
(851, 6336)
(6041, 6336)
(2202, 6336)
(4315, 6337)
(813, 6337)
(817, 6338)
(3083, 6338)
(1652, 6338)
(4075, 6338)
(4368, 6339)
(4804, 6339)
(1420, 6339)
(894, 6339)
(4872, 6340)
(895, 6340)
(905, 6341)
(899, 6341)
(903, 6341)
(936, 6342)
(934, 6342)
(2976, 6343)
(969, 6343)
(1570, 6343)
(2977, 6343)
(2432, 6344)
(976, 6344)
(1940, 6344)
(2103, 6344)
(2429, 6344)
(2431, 6344)
(3136, 6345)
(1023, 6345)
(1104, 6346)
(1106, 6346)
(1051, 6346)
(1102, 6346)
(1099, 6347)
(1101, 6347)
(1112, 6348)
(1110, 6348)
(1121, 6349)
(1119, 6349)
(3840, 6350)
(4455, 6350)
(4876, 6350)
(2671, 6350)
(1171, 6350)
(4979, 6350)
(2837, 6350)
(4980, 6350)
(4248, 6350)
(1342, 6350)
(1185, 6351)
(1186, 6351)
(1187, 6351)
(1188, 6351)
(1190, 6351)
(1182, 6351)
(1183, 6351)
(1201, 6352)
(1206, 6352)
(1219, 6353)
(3184, 6353)
(3186, 6353)
(2744, 6353)
(2650, 6353)
(1309, 6353)
(1225, 6354)
(1226, 6354)
(1233, 6355)
(2519, 6355)
(1242, 6356)
(1244, 6356)
(1238, 6356)
(1248, 6357)
(4035, 6357)
(3172, 6357)
(2792, 6357)
(2669, 6357)
(1779, 6357)
(1335, 6357)
(3580, 6357)
(3935, 6357)
(1296, 6358)
(1298, 6358)
(1312, 6359)
(1314, 6359)
(1315, 6359)
(1347, 6360)
(2189, 6360)
(1568, 6361)
(1861, 6361)
(3110, 6361)
(3111, 6361)
(2222, 6361)
(2078, 6361)
(1374, 6361)
(5859, 6362)
(5860, 6362)
(5861, 6362)
(5862, 6362)
(4501, 6362)
(3288, 6362)
(1405, 6362)
(1410, 6363)
(1406, 6363)
(1446, 6364)
(1448, 6364)
(1449, 6364)
(1450, 6364)
(1452, 6364)
(1472, 6365)
(1463, 6365)
(1464, 6365)
(1465, 6365)
(1467, 6365)
(1468, 6365)
(1469, 6365)
(1470, 6365)
(1483, 6366)
(1479, 6366)
(1499, 6367)
(1502, 6367)
(1505, 6368)
(5155, 6368)
(1645, 6368)
(1507, 6369)
(1508, 6369)
(1509, 6369)
(1510, 6369)
(1512, 6369)
(1513, 6369)
(1514, 6369)
(1515, 6369)
(1521, 6370)
(1523, 6370)
(1525, 6370)
(1528, 6371)
(2089, 6371)
(2462, 6371)
(1660, 6372)
(1662, 6372)
(1681, 6373)
(1678, 6373)
(1696, 6374)
(1693, 6374)
(4537, 6375)
(4538, 6375)
(1731, 6375)
(3562, 6376)
(1797, 6376)
(2334, 6376)
(3205, 6377)
(5992, 6377)
(5997, 6377)
(5998, 6377)
(5999, 6377)
(1845, 6377)
(2264, 6377)
(5403, 6377)
(1851, 6378)
(1853, 6378)
(4625, 6379)
(1900, 6379)
(2477, 6379)
(3968, 6380)
(3969, 6380)
(3970, 6380)
(2602, 6380)
(1997, 6380)
(1901, 6380)
(2200, 6380)
(3298, 6381)
(3299, 6381)
(3300, 6381)
(1957, 6381)
(3187, 6381)
(3093, 6381)
(2493, 6381)
(2010, 6382)
(2187, 6382)
(2188, 6382)
(2186, 6382)
(2016, 6383)
(2015, 6383)
(2137, 6384)
(2135, 6384)
(4573, 6385)
(4640, 6385)
(2157, 6385)
(2422, 6385)
(3720, 6386)
(2265, 6386)
(4610, 6386)
(4609, 6386)
(2487, 6387)
(6231, 6387)
(4503, 6387)
(6230, 6387)
(2394, 6387)
(2547, 6388)
(2951, 6388)
(2584, 6389)
(2582, 6389)
(2729, 6390)
(5140, 6390)
(5611, 6391)
(2765, 6391)
(4066, 6392)
(4333, 6392)
(5396, 6392)
(2772, 6392)
(4439, 6392)
(2816, 6393)
(2817, 6393)
(2809, 6393)
(2810, 6393)
(2811, 6393)
(2812, 6393)
(2813, 6393)
(2814, 6393)
(2815, 6393)
(2824, 6394)
(2827, 6394)
(2832, 6395)
(2834, 6395)
(2830, 6395)
(3872, 6396)
(3873, 6396)
(2841, 6396)
(3869, 6396)
(3870, 6396)
(3871, 6396)
(2842, 6397)
(5634, 6397)
(3743, 6397)
(3028, 6398)
(3030, 6398)
(3031, 6398)
(3072, 6399)
(3073, 6399)
(3075, 6399)
(3099, 6400)
(3101, 6400)
(3103, 6400)
(3182, 6401)
(3183, 6401)
(4473, 6402)
(4474, 6402)
(3221, 6402)
(3271, 6402)
(4130, 6403)
(3343, 6403)
(3352, 6404)
(5051, 6404)
(3384, 6405)
(3385, 6405)
(3472, 6406)
(3474, 6406)
(4624, 6407)
(3501, 6407)
(4623, 6407)
(3592, 6408)
(3591, 6408)
(3610, 6409)
(3611, 6409)
(3708, 6410)
(4959, 6410)
(3992, 6411)
(6291, 6411)
(4329, 6412)
(4326, 6412)
(4412, 6413)
(4413, 6413)
(4414, 6413)
(4586, 6414)
(4796, 6414)
(4919, 6414)
(4744, 6415)
(4743, 6415)
(5049, 6416)
(5850, 6416)
(4934, 6416)
(6289, 6416)
(5124, 6417)
(5125, 6417)
(5766, 6418)
(5159, 6418)
(5816, 6419)
(5474, 6419)
(5490, 6420)
(5491, 6420)
(5664, 6421)
(5665, 6421)
(5666, 6421)
(5667, 6421)
(5668, 6421)
(5669, 6421)
(5660, 6421)
(5661, 6421)
(5662, 6421)
(5663, 6421)
(5869, 6422)
(5870, 6422)
(5973, 6423)
(5974, 6423)
(992, 6424)
(1474, 6424)
(98, 6424)
(1668, 6424)
(644, 6424)
(421, 6424)
(1161, 6424)
(109, 6424)
(366, 6424)
(752, 6424)
(1748, 6424)
(1494, 6424)
(1527, 6424)
(1625, 6424)
(797, 6424)
(1247, 6424)
(1113, 6425)
(1111, 6425)
(2611, 6426)
(5436, 6426)
(6057, 6427)
(1367, 6427)
(2778, 6428)
(4762, 6428)
(3499, 6429)
(3631, 6429)
